-3.576431604737348446e-03
-1.581872162519853617e-02
1.318553811404866993e-03
4.539050137172505328e-04
3.102112321494501779e-04
4.532659119515503043e-04
4.935952724632944322e-04
5.272684209488461005e-04
5.531626372418108062e-04
6.600262969707927641e-04
8.105085209714445182e-04
9.158554046896326406e-04
8.523495307189363213e-04
9.321610683400982644e-04
8.125405598942529728e-04
8.656461134136823887e-04
1.055745137298863545e-03
1.171950100480774470e-03
1.126116130508700991e-03
1.198364516453241657e-03
1.095189900013948670e-03
1.282013610593619318e-03
1.399361844354757994e-03
1.315094230737643560e-03
1.508044275189367872e-03
1.543486789533234094e-03
1.492031695454885953e-03
1.457640798436903029e-03
1.500354686674788829e-03
1.509300028695873680e-03
1.532776751373077923e-03
1.534672129082877146e-03
1.518402887428150355e-03
1.415305789256381119e-03
1.540352736087054197e-03
1.473370516219051768e-03
1.499104640090023755e-03
1.346844859079737722e-03
1.248390232466548011e-03
1.383141528478501470e-03
1.291040064602087811e-03
1.150797868512215549e-03
1.258614078044631435e-03
1.304548374603340527e-03
1.394963517470631381e-03
1.253395776570617737e-03
1.351124391532031177e-03
1.419374882514281427e-03
1.325512638975952923e-03
1.312673659232228146e-03
1.208304388834256782e-03
1.286518436513464647e-03
1.394156578167264626e-03
1.260286166203706398e-03
1.475706447854496783e-03
1.376808195498593207e-03
1.495858054056452974e-03
1.442425001228632431e-03
1.559355305516246099e-03
1.553363994948785132e-03
1.558755415946820599e-03
1.693329427501267387e-03
1.648013596116826296e-03
1.774038346258648841e-03
1.624094969658665399e-03
1.677979592285924748e-03
1.721278290271393424e-03
1.878853190171916182e-03
2.016184398011745815e-03
2.042195940106752983e-03
2.105915262516362685e-03
2.239259891953091636e-03
2.175153238093155417e-03
2.280893375681210949e-03
2.350629020202801150e-03
2.425009584217058950e-03
2.246738025663566618e-03
2.276356255098737486e-03
2.256576606067203089e-03
2.241305544370054970e-03
2.399741705916221685e-03
2.271974048332459084e-03
2.293199807273951785e-03
2.287205883385972499e-03
2.138405460237524647e-03
2.314002383991223266e-03
2.242808411051702006e-03
2.395844155083651922e-03
2.481123608636642830e-03
2.506557978251021390e-03
2.920036557070335159e-03
3.823343942953957852e-03
4.576113409378742419e-03
5.503843086970851978e-03
8.865312813893164862e-03
1.709148014364399171e-02
3.008474888031366368e-02
4.510403036331100263e-02
5.119660302945969188e-02
4.423612501154759735e-02
3.032343652483696084e-02
1.542421169868733039e-02
7.134647570498350855e-03
4.902089676681695152e-03
4.177445710326920664e-03
3.668180906724164553e-03
3.147009981335772283e-03
3.122445279927534012e-03
2.969873027261184240e-03
3.037240676706933623e-03
2.954350104595819537e-03
2.776544351158895946e-03
2.673740571116810932e-03
2.606113154295597312e-03
2.626417419862928093e-03
2.679501430352455860e-03
2.702419116287782530e-03
2.730989135842517429e-03
2.685926447875401635e-03
2.618492984885836122e-03
2.539957748913034691e-03
2.712325598797488829e-03
2.661098557350066035e-03
2.902985550890229555e-03
2.973220451824840072e-03
2.972297494050060024e-03
3.124435659667315623e-03
3.165850312399940553e-03
3.280726989598692356e-03
3.349519020002921649e-03
3.518919947611057891e-03
3.492818462542394975e-03
3.785967542568376837e-03
4.039121698663807047e-03
4.476326261736187501e-03
4.999914562040685961e-03
5.835028240428745405e-03
7.635433555872844780e-03
1.166147554052285665e-02
1.900875302251241877e-02
2.777487870590070879e-02
3.747791969000027756e-02
6.003025256385031982e-02
1.183261740528531447e-01
2.233164820395213135e-01
3.615350217358829221e-01
4.415698715990565848e-01
4.030330042057191919e-01
2.855029912855157059e-01
1.441286865658171212e-01
5.254999755058191446e-02
2.402508330100713851e-02
1.640717443466865183e-02
1.187146472670923963e-02
9.030230518917877619e-03
7.348753494195413294e-03
6.105280207555505156e-03
5.255142791455544304e-03
4.829562268639325112e-03
4.189009759118657306e-03
3.952833853860956981e-03
3.750296541097361547e-03
3.486630900746499201e-03
3.346073956501278979e-03
3.352768444698284167e-03
3.195407859676389906e-03
3.164415518003092093e-03
3.038528079647290908e-03
2.954014912301152623e-03
3.100896980967361716e-03
3.006609358578073848e-03
2.858479646512129130e-03
2.845346182946899283e-03
2.689447324561989455e-03
2.957107994457829070e-03
2.890088556717282375e-03
2.828999287763592912e-03
2.779748204225940267e-03
2.708779228722788673e-03
2.903675189833740400e-03
2.768841659147001921e-03
2.726453376506832865e-03
2.714853941106199625e-03
2.799064940483330516e-03
2.676271688651025993e-03
2.653115734690431049e-03
2.693948194599036366e-03
2.656497159031250693e-03
2.629098734782540220e-03
2.562947569833884387e-03
2.603612745571855930e-03
2.679466524582837378e-03
2.515697975049063090e-03
2.442298276888570097e-03
2.472803114642971312e-03
2.498252076440398567e-03
2.443349099009572284e-03
2.371035138624646987e-03
2.369618721802680544e-03
2.173462389952102863e-03
2.087547388314896224e-03
1.931276176266635836e-03
2.050167906378574934e-03
2.106752628543755168e-03
2.086205107805549908e-03
1.933051759415150422e-03
1.988324456415752062e-03
1.934937044671267842e-03
1.928913799490377529e-03
1.947772012660331509e-03
1.966327027603340105e-03
1.984950873534792326e-03
1.933897723910438932e-03
1.983452368470930982e-03
2.031749956283256803e-03
2.138978677832362868e-03
2.093443173076945524e-03
2.057624277214769454e-03
2.125751900285962476e-03
2.089653660980683725e-03
2.284635839542945718e-03
2.462356597803326552e-03
2.306830295610552695e-03
2.249597559796413099e-03
2.094353199507861807e-03
2.001074067258242634e-03
1.927117745607959814e-03
2.064579422094859479e-03
1.820858437030725696e-03
1.848966989106935743e-03
1.798837791563350635e-03
1.942763180581150856e-03
1.939606604099138737e-03
2.061342720446387305e-03
1.974806537573463999e-03
2.023670231216131293e-03
1.994064780271719017e-03
1.924860908394148556e-03
1.908029514230382556e-03
2.011647690899207724e-03
1.897288161981959542e-03
1.998585555395816782e-03
1.910174096383467773e-03
1.805270413704818111e-03
1.901950783521379196e-03
1.903014656397764015e-03
1.938544545591832508e-03
1.779310769589131230e-03
1.693509850768083747e-03
1.874754778297346020e-03
1.894539505215144665e-03
1.810939745712957655e-03
2.331627666874010185e-03
2.750558785953663432e-03
3.338200669022756834e-03
4.068296766499286676e-03
5.324713397890326605e-03
8.062856480500143336e-03
1.342260094732397949e-02
2.204795733502536853e-02
3.027541116203089078e-02
3.138390601781701483e-02
2.584182612135833834e-02
1.631015027871803025e-02
7.338663534835483671e-03
3.554088009947817262e-03
2.893934435697402552e-03
2.676343158575292952e-03
2.481532578192995053e-03
2.423205442795901832e-03
2.689222305793045192e-03
2.565989235451929945e-03
2.541816664402427733e-03
2.635707504682015950e-03
2.703917437429266546e-03
2.742537920615989444e-03
2.746681010609985929e-03
2.852848621007902929e-03
2.979200340661576629e-03
2.949942053911327328e-03
3.272888164724464810e-03
3.718142712778343961e-03
4.901316724173179068e-03
6.193464414492720616e-03
7.244919960561303079e-03
7.039430900471290581e-03
5.314812273332771703e-03
3.742260841500966856e-03
2.720236865656932429e-03
2.539454387792693807e-03
2.517173202877993204e-03
2.654834112001309282e-03
2.687412557059544460e-03
2.820407397846558251e-03
2.901658085164623285e-03
3.119569104968664824e-03
3.161689666361173351e-03
3.380287090401324496e-03
3.917726905386050701e-03
5.027395186896883861e-03
7.095580509944545561e-03
1.110545076263190142e-02
1.758689080601229249e-02
2.564317037851738396e-02
3.829301178664724220e-02
7.170901622948849807e-02
1.370931381611354694e-01
2.404708105166174781e-01
3.689491010471891430e-01
4.562503523762491131e-01
4.218595107403754207e-01
3.026803469532727275e-01
1.510335358980999243e-01
4.826890551222408343e-02
1.917797935996891356e-02
1.311612076217391967e-02
1.012698504591398943e-02
8.882315010851273007e-03
9.062540464450132005e-03
1.032565639542174993e-02
1.164711580521475554e-02
1.091484560290761560e-02
8.692754734684882828e-03
5.894737331820207316e-03
4.310934911209172993e-03
3.987949046534884634e-03
3.980280369319591505e-03
3.829998539495806792e-03
3.773074397620958254e-03
3.788395451376855988e-03
3.954173095065967314e-03
3.875562659636948293e-03
4.198241678627319395e-03
4.505228369624646872e-03
5.050534918072380891e-03
5.681471157632785735e-03
6.936340291703320393e-03
9.718888711071821396e-03
1.560819924646650314e-02
2.775159658065728951e-02
4.675610694373091847e-02
6.949047958133845737e-02
1.022003316687810498e-01
1.790723526672561572e-01
3.266831234649905102e-01
5.600394920688541722e-01
8.393661666440875857e-01
9.826626134263872769e-01
8.595284087337363710e-01
5.749276879289642039e-01
2.551442804732085845e-01
7.315218939596765391e-02
2.983996448428680170e-02
1.999562899367200025e-02
1.404942171257295841e-02
1.023028028808006806e-02
8.084178734133924682e-03
6.809488508320412498e-03
5.888769642033761520e-03
5.532950862878693865e-03
5.002211406963250756e-03
4.712072036783573892e-03
4.356594778180317151e-03
4.524914524980969827e-03
4.603409484627514481e-03
4.647430778629193376e-03
4.539246662398754156e-03
4.406539885658922184e-03
4.231494950908562536e-03
3.808994001488215375e-03
3.642938650841285458e-03
3.652405974922102311e-03
3.576888110757684563e-03
3.374285716386225820e-03
3.372865583655577926e-03
3.331270718115477564e-03
3.249695603463106236e-03
3.113145496865747652e-03
3.006000734407071606e-03
2.959985450304038895e-03
2.892274874351195846e-03
2.967906900109649332e-03
2.949627308120910535e-03
2.798422510187133921e-03
2.805214756599519466e-03
2.832014787803181083e-03
2.855286656900563741e-03
3.061080422312578014e-03
3.041240317764249551e-03
2.959419968229733827e-03
2.893162313627673649e-03
2.965329121850789063e-03
3.034467246746438279e-03
2.895097619239908604e-03
3.158863899924584107e-03
2.916561104239899505e-03
2.807564744820661984e-03
2.727081151932594233e-03
2.588679793494003123e-03
2.572498273399580204e-03
2.646555234079653318e-03
2.746100945545833921e-03
2.645416636865977750e-03
2.831004467197969360e-03
2.862236326282980442e-03
2.700998335146247153e-03
2.747157141341691894e-03
2.742098313354209005e-03
2.741417775443281968e-03
2.684213140218730254e-03
2.626468800022912359e-03
2.476845072369986828e-03
2.577253160146723843e-03
2.487459724079724155e-03
2.516897504747706016e-03
2.630548816992969718e-03
2.435362110336611319e-03
2.365182392965105296e-03
2.210268153766657001e-03
2.017103138787227495e-03
1.995633044957728641e-03
1.913782229473449947e-03
1.969132065193630182e-03
1.781244732702910033e-03
1.865474559864042925e-03
1.756745832032301224e-03
1.670705598993061508e-03
1.654030141181636604e-03
1.530817289273324333e-03
1.570468287198589774e-03
1.619040053277481794e-03
1.482677121376698576e-03
1.394546884208886645e-03
1.560374909273718608e-03
1.421664559808744066e-03
1.383598129864622300e-03
1.424836292896924234e-03
1.494109441953779538e-03
1.551510081342178521e-03
1.608094209159433713e-03
1.453373500461499490e-03
1.480545443664136457e-03
1.555466090983306099e-03
1.558109976385509132e-03
1.510451565061111945e-03
1.646752476778343827e-03
1.704911965508693755e-03
1.807959291889007364e-03
1.991611924200234474e-03
1.840417141521215327e-03
1.649056803400640592e-03
1.406984995823937212e-03
1.276253731755709608e-03
1.216859570778456440e-03
1.241323846513955192e-03
1.068639382604229249e-03
1.122619232272130396e-03
1.078466840332911042e-03
1.166383295164923756e-03
1.230350692635599763e-03
1.099799588480450396e-03
1.323409138735586604e-03
1.185776267485436075e-03
1.096838951632473497e-03
1.057914134317796545e-03
1.267685319207383782e-03
1.235371121944602718e-03
1.313690840027376822e-03
1.313306490607232119e-03
1.053549012062584417e-03
9.825950320109071157e-04
8.564446254265938030e-04
9.736378004965157151e-04
8.256421026083329839e-04
7.976855983881092627e-04
9.356173698694889018e-04
8.974102524013996551e-04
1.034622037358289004e-03
1.221266089174340153e-03
1.233330366922885668e-03
1.427937747273490265e-03
1.543311061446471510e-03
1.192093688038482063e-03
7.481709201687183897e-04
5.092789924523132006e-04
3.610430200532803446e-04
2.982319210558942446e-04
2.560460937017020044e-04
3.876855486982105914e-04
4.182227400934684924e-04
4.889120572069416415e-04
4.447042873233671145e-04
3.996609063488046343e-04
4.937328164159003607e-04
4.896222832853312779e-04
4.662861203242711639e-04
4.502222568089180033e-04
5.192601031319341032e-04
5.089048906794478577e-04
4.722735170228954671e-04
4.570269438343259327e-04
4.353514423612973860e-04
3.548840863573897442e-04
4.868847663752132182e-04
5.639084744831455998e-04
8.076798992179175241e-04
1.031704870661662166e-03
1.650731517644575541e-03
2.702952067324040225e-03
3.806888233549021727e-03
6.522472065178520212e-03
1.098938044869336716e-02
1.936558708800056872e-02
3.044070745543868417e-02
4.413788539943705458e-02
4.979678335298796943e-02
4.153387105049361622e-02
2.552084282289463629e-02
1.005533630471371759e-02
2.683516821462107044e-03
1.185484226160646304e-03
7.367920968185358299e-04
4.919910965213540599e-04
3.251825166141024404e-04
3.037445941814556627e-04
2.112298924698483016e-04
4.483398898972000557e-04
5.192018354872214581e-04
6.127978190277570680e-04
7.030894225332207093e-04
8.619400951485403639e-04
1.083768155638185210e-03
1.334874719580259744e-03
1.581628532835572393e-03
1.508194203788632698e-03
1.450787538580359387e-03
1.617740870015638849e-03
1.760605893140768097e-03
1.757309874819337064e-03
1.534815813194367884e-03
1.184269358031543595e-03
1.048694867401406966e-03
7.613693210529529076e-04
6.340018296170472911e-04
5.568339500688357369e-04
5.727570815884375222e-04
5.193830033289048576e-04
4.566644120395438322e-04
5.377546642655502140e-04
4.919082195472095076e-04
6.384877539200896346e-04
6.432497798292899360e-04
7.045012527496785637e-04
6.886804559467323006e-04
8.208075481036837540e-04
9.569659558063305094e-04
1.199260853149169970e-03
1.542158883239223149e-03
2.292046437296420269e-03
3.320736098438893669e-03
5.950225113811536543e-03
1.097254945658876144e-02
1.807104859042276551e-02
3.067431816278994028e-02
5.277772869354455110e-02
9.217266059329015659e-02
1.547858368948452634e-01
2.384271101896315026e-01
3.099230180563281589e-01
2.998265816795331329e-01
2.189701175348091611e-01
1.111684580545217738e-01
3.243525549375247952e-02
8.794005346366748355e-03
5.123231535037072598e-03
3.574416914854459948e-03
2.354082580690190774e-03
1.577380253125273968e-03
1.264611265658407285e-03
1.228579228533609180e-03
9.877318919291368238e-04
8.579549337289077426e-04
9.444048402075973236e-04
9.046361875801149643e-04
8.719344375037324513e-04
9.654074577635091137e-04
9.918043549042646068e-04
1.052045253830020954e-03
1.062186924400628646e-03
1.146008897346305344e-03
1.267946927597612267e-03
1.600351347022060250e-03
1.676039386269232573e-03
2.377563764581269029e-03
3.793264614585338534e-03
7.073218561008572103e-03
1.329567950675707849e-02
2.340624677300692791e-02
4.013934036420328116e-02
6.642697120105194031e-02
1.111904642535811172e-01
1.883328742408167944e-01
2.945232011058591670e-01
4.105179274420336366e-01
4.382005826873647258e-01
3.675392420002373539e-01
2.626752242076128008e-01
2.038228218173174233e-01
2.414394743590258796e-01
3.176060748983026150e-01
3.260408966211105763e-01
2.500926152715212680e-01
1.390390178643464147e-01
4.629623592333136084e-02
1.243965244323729305e-02
7.398051665367069707e-03
5.152724357045973536e-03
3.699785843526780249e-03
2.526880004380664679e-03
1.764524932598030005e-03
1.413496871954966760e-03
1.201460558953086621e-03
8.954793295647203721e-04
8.543758854120085677e-04
6.621271654836009823e-04
5.115153810595109152e-04
4.336661863990204369e-04
3.332427999631383531e-04
3.288950185865134601e-04
4.031703448083671926e-04
2.273655897412144022e-04
1.734103258819903737e-04
1.543068601140042129e-04
1.666591471176821770e-04
6.763956891063863108e-05
1.398084201891629241e-04
2.120352389525965997e-04
2.883580986225812992e-04
4.358146468719757693e-04
4.869699818773054467e-04
6.210167998244552068e-04
6.908890923113010507e-04
1.052116082090322896e-03
1.218263989410998255e-03
1.367282535561231693e-03
1.624419895132563768e-03
1.393978750940938482e-03
1.213830073047674624e-03
1.165934013099528821e-03
1.149367259007470082e-03
1.267807393284716561e-03
1.945619299636349581e-03
2.854494740178518258e-03
5.544149520465481429e-03
1.113376872771091111e-02
2.074528403966383744e-02
3.808103391987138070e-02
6.283720966425197785e-02
1.039475992907607227e-01
1.698638608122872151e-01
2.640506508516523576e-01
3.651615744512947126e-01
3.846839998746193201e-01
3.059566060601666138e-01
1.739286635499934508e-01
5.950884189930372159e-02
1.371349808570011819e-02
7.224243670873643081e-03
5.051053751504972628e-03
3.513917668961440144e-03
2.203667749100534506e-03
1.749543664073375387e-03
1.348383988373894754e-03
1.016501443856027836e-03
7.879809439577008245e-04
7.474604729697173489e-04
5.649457428001693204e-04
6.286634418378733713e-04
6.684132578263085600e-04
6.973226779607641368e-04
6.004189546266296140e-04
7.085862334718293076e-04
6.977486654814527012e-04
7.505698400186444630e-04
7.305291805255985371e-04
6.888052984117404298e-04
6.754131689200686128e-04
6.509160948487933973e-04
5.199042522756602835e-04
5.779790416866187330e-04
7.200317989267158991e-04
7.081807126738635938e-04
6.204380831508933547e-04
7.605882777941830319e-04
6.853075189689507296e-04
6.206381343425333708e-04
6.781540555068597820e-04
7.613233374322812830e-04
7.706056074228521957e-04
8.759546322736865009e-04
8.241756817409726099e-04
1.114819813766938783e-03
1.321254581984364351e-03
1.661751420342260505e-03
1.866771089630722691e-03
2.614588809763590538e-03
3.990366603426075132e-03
7.199182395000426615e-03
1.347700976942060869e-02
2.588976094070911949e-02
4.633621567549769948e-02
7.369341380306171363e-02
1.206629320473027456e-01
1.952128449732589144e-01
3.076070267760012689e-01
4.220935453083295430e-01
4.570085648274626600e-01
4.028421840890900052e-01
3.306524825055371375e-01
2.939921301033400214e-01
2.775115032309328766e-01
2.179641929618034990e-01
1.276754596575205569e-01
4.569748402501486173e-02
1.117961330362108111e-02
5.788897377476297929e-03
4.456005872088251302e-03
3.294545663901183447e-03
2.421605612006091923e-03
1.883915862279803011e-03
1.404696877346553463e-03
1.228737015071125482e-03
1.133537102083817527e-03
1.100312801940912105e-03
1.059137750547049783e-03
1.265217468487313951e-03
1.380500945995857820e-03
1.512614345103566182e-03
1.863688381492940166e-03
1.841433283491684947e-03
1.952902197482835056e-03
2.193571611435869012e-03
2.807043071223151026e-03
4.307631774280222536e-03
7.894656322297497614e-03
1.566743818402793059e-02
2.886214289177933823e-02
4.736515075821481902e-02
7.794777324135877816e-02
1.275575356531215843e-01
1.989842809478530317e-01
2.885854256597516487e-01
3.491729669185290597e-01
3.712447987623396228e-01
3.774126811663113257e-01
3.432102017313146680e-01
2.596233515492526456e-01
1.549917121698000944e-01
5.777471553803460724e-02
1.346414991677612194e-02
6.467193043746252701e-03
4.553828385626648018e-03
3.141754186092703821e-03
2.334922139977074762e-03
1.775064471507364211e-03
1.577396592407079995e-03
2.025374383153321495e-03
2.702937907704493908e-03
4.963946733167114156e-03
1.034410067096835917e-02
1.765915649088817263e-02
2.740093015218327682e-02
4.296033356882828641e-02
6.681930953798578821e-02
1.039554222129017436e-01
1.431222183725559816e-01
1.491787606667896171e-01
1.159037125237080412e-01
6.436458479168694069e-02
2.141574443200341960e-02
4.678609185193666198e-03
2.900910036542376363e-03
2.147933091839054898e-03
1.527054110090422800e-03
1.259585480380541467e-03
1.056007542058524235e-03
9.454239845418342669e-04
8.614568242165769607e-04
8.541962298712832413e-04
8.486086156646935330e-04
7.300450195332555681e-04
7.142633011688014066e-04
8.698939933234062227e-04
1.106632475581417752e-03
1.412656296152843549e-03
1.694552227257745819e-03
1.886265527436366968e-03
1.935487104317606261e-03
1.660140761245539748e-03
1.379065446208090073e-03
1.132036698237175870e-03
1.098323926533025657e-03
1.126488648732423825e-03
1.296382443431852438e-03
1.379627630343729927e-03
1.296289955171548575e-03
1.205433015094771465e-03
1.081054247054080014e-03
9.939939404548930879e-04
9.162629807614591781e-04
1.054722155625072849e-03
1.055724442685954806e-03
9.901534549942477004e-04
8.717904627438197163e-04
1.008700208127877307e-03
8.393323776154579252e-04
9.294310753366272215e-04
8.439915706450473731e-04
1.125980124157502371e-03
1.076552689706560678e-03
1.105050969756944668e-03
9.186663496598794498e-04
7.816182759504651523e-04
8.822587330247280701e-04
6.872136272792310485e-04
7.739329289265725609e-04
7.267273938946841594e-04
7.244929924916029829e-04
6.192496501802521869e-04
5.841868967690830305e-04
5.469354604285756039e-04
5.248728165757922393e-04
5.027244080211094868e-04
5.686876616478910018e-04
5.695116942648591196e-04
6.054696626512125202e-04
6.636449155888006490e-04
6.047713808431144644e-04
5.784063829155361436e-04
6.579714319968898995e-04
6.530327150451910312e-04
6.534768874694833751e-04
7.342937455424060345e-04
8.034148164443345730e-04
9.470919297067288689e-04
1.338440606761276408e-03
2.020605341511352154e-03
3.524701868879234062e-03
8.017102902285588167e-03
1.901724326019283567e-02
3.240709803638017195e-02
5.026903807413243830e-02
7.386723505318283645e-02
1.133879599707751928e-01
1.769642684170468772e-01
2.526204966407548103e-01
2.839129272186479147e-01
2.359130685002629180e-01
1.425619579686850102e-01
5.368976847786514905e-02
1.202483565223468054e-02
5.351953343253727097e-03
3.980288305755166206e-03
3.065611037455669846e-03
2.393964174484199819e-03
2.033381409893470632e-03
1.709074697343802157e-03
1.698863373594764609e-03
1.329607590147368484e-03
1.216864378303272182e-03
1.225532635223267747e-03
1.315178302772834762e-03
1.335959052298121841e-03
1.461386258560185697e-03
1.562931790224340867e-03
1.741188447070891876e-03
2.214525686507515939e-03
2.680604532006854862e-03
4.026821476394673582e-03
8.015598432722894490e-03
2.033098183769420364e-02
4.453362380388252439e-02
7.290058735491633524e-02
1.081423515042717332e-01
1.570998642934227363e-01
2.436901631453237405e-01
3.729197557936178020e-01
5.026726211784037224e-01
5.216313876352118850e-01
3.981478045181087166e-01
2.155522498258845843e-01
6.871839113120870035e-02
1.452988145142212334e-02
7.715212115326903347e-03
5.797973319948839660e-03
4.148594409004235234e-03
3.265176533237393319e-03
2.557745113710790941e-03
2.098519920437663666e-03
1.923693352814958429e-03
1.716322247587439426e-03
1.679710546476847338e-03
1.524950687290228812e-03
1.531508866164179444e-03
1.540192606409623161e-03
1.683978275067610220e-03
1.618043776851024046e-03
1.856585449589456815e-03
1.927581340571769830e-03
1.916619298117171188e-03
1.973455366065739180e-03
2.031529838666543131e-03
2.123477540533109942e-03
2.201470446704739681e-03
2.224789105992094895e-03
2.212909219395927524e-03
2.375877930886220735e-03
2.472417736701645191e-03
2.652739444501429900e-03
3.018436795694173086e-03
3.429810336130083986e-03
4.582255252789435573e-03
7.591719879819977534e-03
1.627204026611853149e-02
2.981631090922690769e-02
4.732158408205934530e-02
7.259107077609146252e-02
1.189711501626942169e-01
1.934033286573458299e-01
2.963779168756012217e-01
3.985251580816068229e-01
4.604323850881114621e-01
4.946238787361829647e-01
5.488986751243281059e-01
5.965909611400558310e-01
5.447140189967273338e-01
3.808535979630988111e-01
1.825585133047894493e-01
5.001297884471012090e-02
1.377453230994650155e-02
9.886104593897764026e-03
7.737857595644423436e-03
6.138547163974161780e-03
5.050015273834102675e-03
4.390181364532879521e-03
3.988513888009189573e-03
3.784452062195232253e-03
3.307986082502427372e-03
2.878860401144160003e-03
2.334505792991693751e-03
2.050657230131803371e-03
2.105149642654621095e-03
2.155572284225158730e-03
2.275945791087308212e-03
2.231838678560065653e-03
2.338608925528201654e-03
2.378905861010967987e-03
2.723010833139142411e-03
3.057556675049755146e-03
3.281666679118333541e-03
2.992904606557988956e-03
2.438969774292299580e-03
2.319551200129110757e-03
2.198589377484183593e-03
1.989097078289335518e-03
2.133395211012953374e-03
2.231336958626827655e-03
2.630696252965705750e-03
3.871515877999675420e-03
7.823161427114536798e-03
1.530286766249432107e-02
2.412150353741178421e-02
3.491064089088512234e-02
4.738538672729369905e-02
7.145009467571920847e-02
1.094110219283363494e-01
1.529588445503662630e-01
1.709254576563733197e-01
1.420463459478699397e-01
8.712853671042616877e-02
3.724848673808203725e-02
1.388382890345577630e-02
9.195984817330866978e-03
6.628442732350272454e-03
4.402630163723948720e-03
3.421105893146758614e-03
3.513569623826227895e-03
3.757823102729845877e-03
4.006108607707004055e-03
3.441527163804063844e-03
2.576644978243475270e-03
2.104137859177488551e-03
1.634454590682545005e-03
1.655303119396326489e-03
1.643482580460237097e-03
1.743196602292610559e-03
1.905199968442943675e-03
1.863183020119278666e-03
1.937336654145790926e-03
2.249984387110680328e-03
2.515642691905475847e-03
2.845995145342967297e-03
2.774060111016204977e-03
2.590327058673205091e-03
2.021476541223629630e-03
1.573299557146329297e-03
1.474916102568217535e-03
1.769872144843590706e-03
3.324986990924223146e-03
6.629233259193671735e-03
1.071029513476978723e-02
1.554652966193841718e-02
2.076822724561706163e-02
2.979184848561248350e-02
4.513300711378136904e-02
6.584612404184592149e-02
8.045282140621744238e-02
7.446451469508306997e-02
5.089845185744772127e-02
2.399508608542878785e-02
7.035125000770910825e-03
2.651493025903079587e-03
1.869213718557135445e-03
1.703673272020443663e-03
1.395488494209763675e-03
1.248863561841995901e-03
1.227247492364882259e-03
1.104587054398357970e-03
1.270408092913150044e-03
1.279168009447880644e-03
1.248376545513591590e-03
1.300022682628767384e-03
1.543794912718405438e-03
1.519185807089828283e-03
1.586520615175068122e-03
1.700049257519035961e-03
1.746879859180740235e-03
1.974239764934208885e-03
2.346700509660515355e-03
2.870572961765752162e-03
2.825965294333036837e-03
2.472055680091633095e-03
1.934468335560012020e-03
1.400551778417909871e-03
1.305967959120621358e-03
1.271977561505276827e-03
1.319766375105092815e-03
1.608559062951493701e-03
1.736393073592402275e-03
1.781877863638658271e-03
2.043888214742498738e-03
2.348835821364168158e-03
2.728582783125182987e-03
4.065650415602691664e-03
5.555862162249770864e-03
7.206808257662140199e-03
8.795543517317525040e-03
1.111981841584735314e-02
1.478198183151627210e-02
2.111462857785793151e-02
2.779749139084641829e-02
2.996296407575833876e-02
2.408504611981782118e-02
1.457863838409623886e-02
6.568317132155113841e-03
3.135683983787364293e-03
2.741955092492691370e-03
2.767277014312671118e-03
2.854341185484894627e-03
2.655458813020476760e-03
2.746436545355213782e-03
2.579211833801720033e-03
2.530054827668406364e-03
2.625129799955782522e-03
2.803001819762351160e-03
2.928833357090977058e-03
2.800742452898768997e-03
2.437261521595745356e-03
2.511468213854877590e-03
2.774835146936185243e-03
4.107027943762598526e-03
7.667634271185594375e-03
1.174279985970753948e-02
1.675582282492837222e-02
2.190681311930495201e-02
2.911446204317328507e-02
4.131690113665807684e-02
6.169914967723931498e-02
8.550448828790513378e-02
9.695491055755237064e-02
8.192301805214517729e-02
5.055189823961232787e-02
2.199275170944297447e-02
6.497557934254570566e-03
3.750430667747727681e-03
3.592738129065825570e-03
3.465612444094174488e-03
3.316862563578333589e-03
3.651009389886314405e-03
4.050587917698595525e-03
4.722449158391081592e-03
5.644811040981873723e-03
6.195499014409189265e-03
5.645385606019678176e-03
4.477455477155434932e-03
3.496456878142917973e-03
2.746027435441580206e-03
2.674736220833830863e-03
2.646074725964599195e-03
2.757438550019936790e-03
2.873114276427515823e-03
2.736951965618895227e-03
2.944461847888310557e-03
3.253484812478554117e-03
3.397816834832579486e-03
4.605465702511406245e-03
8.834959020523339840e-03
1.711458009503061262e-02
2.710448890343936101e-02
3.842862395205087073e-02
4.919057672154752980e-02
6.573328849248356864e-02
9.488760663562974262e-02
1.419379866900090104e-01
1.917969320679693557e-01
2.148151136770061753e-01
1.786439124645399779e-01
1.094844372144673783e-01
4.552728879923853555e-02
1.137274927672562302e-02
6.273308441707252381e-03
5.439886754999935514e-03
4.919171837852551188e-03
4.846628665357212429e-03
4.807223831026784938e-03
4.777422691770134150e-03
4.362815088198596786e-03
3.898113582354999218e-03
3.429284620633639424e-03
3.221289821431549960e-03
3.072909654218219933e-03
3.254254123581580560e-03
2.974203196627878826e-03
2.969887381503395762e-03
3.023991775390859338e-03
3.120927130565984142e-03
3.191367637101712174e-03
3.209117314911552610e-03
3.240260841329979657e-03
3.502894124845480628e-03
3.758646838885930375e-03
3.971100039355870970e-03
4.380998449469503814e-03
4.447922428375928466e-03
4.801540633037209432e-03
5.252741970514250569e-03
6.079229928857763504e-03
7.069437631239031128e-03
7.552920026392004327e-03
6.671663241277363959e-03
5.655128719571821116e-03
4.266120594511643022e-03
3.770908049871315310e-03
3.597914543106813662e-03
3.491774737590287031e-03
3.508604507792698751e-03
3.415443825290808560e-03
3.509040373034712224e-03
3.576580418475524409e-03
3.529325770277834395e-03
3.565712896931753223e-03
3.512709741706931260e-03
3.439412023677979047e-03
3.652450776820855699e-03
3.498192072693140364e-03
3.682595946781240526e-03
3.619326671404632378e-03
3.535467616992381268e-03
3.498595495928239624e-03
3.565258311629408011e-03
3.695434224861803701e-03
3.424262851028397892e-03
3.369813975827445907e-03
3.523734304107076915e-03
3.400688549975293407e-03
3.456540463788290024e-03
3.480714979104147788e-03
3.496645319761730597e-03
3.327049365982489432e-03
3.489960522069530252e-03
3.604706855578777153e-03
3.727452899176718348e-03
3.950183743135347869e-03
4.264492960735270788e-03
4.691567591327532732e-03
5.268657647161195667e-03
5.338293100023195487e-03
6.255425798614759614e-03
7.074958904032632723e-03
8.332900828791251630e-03
8.845927059042770629e-03
7.772204788396044201e-03
6.077120485854257959e-03
4.188319524624842943e-03
3.509505576528137299e-03
3.213361903768686273e-03
3.396860867498349007e-03
3.352763270162765347e-03
3.586350056935284913e-03
3.395326558817090418e-03
3.379675709101009201e-03
3.499336764897373331e-03
3.606010682433966746e-03
3.612103578573892110e-03
3.411942583021489867e-03
3.460262702509094707e-03
3.419092971462034392e-03
3.927274049744335083e-03
4.146027840772767425e-03
4.423381170850022165e-03
4.721017809204589716e-03
5.143715044055613417e-03
5.793634855531786670e-03
6.537503976962705243e-03
7.931786516529381464e-03
9.571752195562589771e-03
1.096737730111318337e-02
1.093504171295881303e-02
8.930774554768268481e-03
6.470034425909432230e-03
4.577758336629076524e-03
4.372972947175268049e-03
4.308374930810914688e-03
4.019215845624177913e-03
3.617688379910558721e-03
3.515334806308653692e-03
3.569014330778833705e-03
3.401274885185479741e-03
3.948552454412227602e-03
3.768035064558854230e-03
3.710273659862421691e-03
3.332503441988696191e-03
3.157651404064862333e-03
3.123244750135756309e-03
3.066539351982637551e-03
2.984037332562427397e-03
3.167142018179146951e-03
3.000719058853826976e-03
3.203103465391370086e-03
3.215823850691620911e-03
3.511873603475178240e-03
3.658083543640115037e-03
3.632239859100178797e-03
3.725791427415987150e-03
3.498588801697694733e-03
3.182624932298400156e-03
3.114904789566171062e-03
3.039725412742770583e-03
2.941128584174709792e-03
2.952702341169167327e-03
2.905421624656099461e-03
2.823633414242035511e-03
2.783652198326540261e-03
2.832998735195071255e-03
2.949230642856820461e-03
2.974150156130575540e-03
2.921597909512595181e-03
2.985589534626274105e-03
2.900053081833848384e-03
2.982363140082728431e-03
3.002834798477252432e-03
3.060254982530458134e-03
2.957022466008169675e-03
2.923603943134081562e-03
3.019443318921666980e-03
2.907043841260097822e-03
2.838238678826050798e-03
3.067051902814928177e-03
2.818292047576911180e-03
2.605553162277663565e-03
2.742691474405846430e-03
2.640159923634005645e-03
2.705687403701695359e-03
2.746377057322179488e-03
2.949340959327511474e-03
3.010828908541759302e-03
3.076032482671811619e-03
3.030366121318774086e-03
3.080871822214156786e-03
3.189263901514676619e-03
3.255128266598291548e-03
3.371805557927980146e-03
3.453554312633846934e-03
3.303635820989837824e-03
3.504549383701181103e-03
3.445485428270715633e-03
3.170066587509068334e-03
3.091555459859431088e-03
2.955969575484610617e-03
3.085046010021234852e-03
3.271054825211328759e-03
3.197740327403712779e-03
2.996844163578572806e-03
2.951861016454667558e-03
2.868616093482351248e-03
2.891010269027435159e-03
2.985311007803921612e-03
2.980778062691188945e-03
3.121924660036603377e-03
3.647720749994053102e-03
3.763394520546983757e-03
3.950714541670740515e-03
4.099479084479815127e-03
4.320162967827910483e-03
4.830978881391709279e-03
5.454941838642091145e-03
6.363324679878431395e-03
7.706194427329834257e-03
8.389098497958848849e-03
7.654436420939540742e-03
6.232006361216856777e-03
4.662767113975552907e-03
3.676278389718606182e-03
3.571839816185508332e-03
3.780396698175265968e-03
3.886902530979511466e-03
3.932904028306895977e-03
4.275322216007189369e-03
4.444467317544685547e-03
4.860608162529592852e-03
4.735138805526638295e-03
4.174053393127281214e-03
3.874292311424481355e-03
3.792139424624290517e-03
3.808163053955298388e-03
3.811939948293988772e-03
3.830712938313680233e-03
3.646727993836425263e-03
3.523701970714825105e-03
3.279785030218602265e-03
3.553565853246655470e-03
3.540517104035242196e-03
3.628370446448342390e-03
3.514153068143528041e-03
3.627586461983221128e-03
3.565844443924090501e-03
3.628366111212037032e-03
3.745289464075558100e-03
3.756828370004221956e-03
3.733026144066019930e-03
3.935934543854491263e-03
3.987746396596627413e-03
3.966497653036402116e-03
4.257489884432294480e-03
4.540706635794793805e-03
4.810974320345728222e-03
5.088099797427404064e-03
4.805992652083972139e-03
4.731678739890231994e-03
4.782527731852080632e-03
4.614117403169290532e-03
4.303330621815416174e-03
3.881420372858150614e-03
3.423300379831548806e-03
3.336459596673058137e-03
3.292032505239055745e-03
3.503580263173069337e-03
3.268544735912488897e-03
3.251250710928348109e-03
3.250476932613592662e-03
3.212458817083152507e-03
3.028872041970640666e-03
3.138258209013009697e-03
3.141395794556675614e-03
3.306293551031305733e-03
3.118619394992236393e-03
3.320974908897874472e-03
3.432414847159632326e-03
3.528698504966034516e-03
3.409907010518489073e-03
3.371037907902649233e-03
3.225595925323270635e-03
3.249415165147571255e-03
3.247430428605195540e-03
3.483070854586111514e-03
3.458389814727388933e-03
3.648482555164953706e-03
4.125921802282717099e-03
4.557199888858567971e-03
4.521849759993135792e-03
4.233975975308668094e-03
3.583623354898996666e-03
3.100280059218994688e-03
3.066069164516651430e-03
3.055214904574360402e-03
3.105556800936732503e-03
3.170673938115056711e-03
3.311476012242513256e-03
3.465658772883746519e-03
3.781634147716157746e-03
4.255254734850194565e-03
4.796057794163231108e-03
5.723982617324322592e-03
6.827519153742044045e-03
6.921470734007888204e-03
5.678377520534787226e-03
4.371159748998095645e-03
3.370399430848252526e-03
3.105732505655142695e-03
3.347443832769414485e-03
3.257126624808533849e-03
3.429537651184994679e-03
3.704980742107351344e-03
3.770050654145200297e-03
3.551886845027395906e-03
3.370513936408574274e-03
2.952770931327029780e-03
3.004488905860348141e-03
3.333285112554928986e-03
3.627635876882983473e-03
4.045352998468140088e-03
4.579909153409326972e-03
5.118263003661492616e-03
5.944705539752133394e-03
6.160535314509670013e-03
5.834412389023057449e-03
5.433770787711119515e-03
4.994648962481584853e-03
4.710694842525921938e-03
4.400625753269056528e-03
3.656975058740893902e-03
3.077699491760649275e-03
2.658661896371986716e-03
2.451581810049306698e-03
2.328931786290497352e-03
2.357133519717932724e-03
2.376361465092690500e-03
2.586531139714080135e-03
2.781938703252113954e-03
2.951262027400959609e-03
3.761206248788968171e-03
4.644296382025552700e-03
5.549891687997313139e-03
6.402441230690610746e-03
6.760639892058703526e-03
6.980268797918111334e-03
7.208017715166159523e-03
8.344483298315864828e-03
9.510376256770088771e-03
1.038775072181793990e-02
1.097681989802233235e-02
1.170393108132426752e-02
1.308776660823553553e-02
1.222056215659115749e-02
9.092664323035893476e-03
4.968367406974656675e-03
2.297948513505315704e-03
1.727514725223425890e-03
1.582051554457123560e-03
1.565250996733411754e-03
1.546474687378181223e-03
1.517009702250507464e-03
1.491080478456016656e-03
1.644770707746222999e-03
1.647401108553069038e-03
1.519548944648247552e-03
1.529798977378985653e-03
1.520964032458528570e-03
1.722712766411445967e-03
1.462636476953660392e-03
1.297196616261604707e-03
1.086524870840217816e-03
1.115645137102792839e-03
1.073675760583373689e-03
1.224009940506979449e-03
1.144735365892140394e-03
1.084335043916018898e-03
9.068475821205554399e-04
9.919844563037148732e-04
1.012691865318361695e-03
1.422894047134581896e-03
1.622346503591113459e-03
2.075179026828421341e-03
2.439886170395037107e-03
2.662126590990882002e-03
2.730244015676806801e-03
3.076294571074399825e-03
3.822114047940652903e-03
4.611706488332159570e-03
4.471846995180224493e-03
4.485590867002148263e-03
4.262007196743869408e-03
4.492076772438301918e-03
6.181890636468633654e-03
7.284229695935968280e-03
6.608351408367536123e-03
4.844957559030846350e-03
3.019190628816489919e-03
2.231472138200019106e-03
2.492501418097835264e-03
3.103887672193425540e-03
4.107369694118262471e-03
5.117366320015845349e-03
5.140956654126806885e-03
4.367365275096520005e-03
2.975535428709159824e-03
2.095194604538733185e-03
1.531647924529453558e-03
1.259884237113984007e-03
1.357905985704722235e-03
1.660589028181662374e-03
2.028198687977624676e-03
2.229422312160850989e-03
2.231454111355623410e-03
1.975336686070677111e-03
1.528500680035970588e-03
1.177104940221603696e-03
1.191700260902407715e-03
1.108422784010080347e-03
1.231498780646753111e-03
1.374085876640732812e-03
1.617628254403636473e-03
1.487788247564403310e-03
1.356143835923511592e-03
7.734979144993631150e-04
6.051416749980123577e-04
6.222695666726479891e-04
6.030491396857469433e-04
5.589862230066452997e-04
6.267238782690608134e-04
6.467115108924337274e-04
8.650466904297632320e-04
1.020525303011700358e-03
9.963966061587725687e-04
9.593519969441945128e-04
9.133950763233374126e-04
6.994063052611493303e-04
8.005814123512970670e-04
6.810587561391391598e-04
8.839097511073729097e-04
8.311860189496832196e-04
9.214284532275927864e-04
1.006395343986960650e-03
9.947346308558577266e-04
9.093155966236818322e-04
6.650014306162979616e-04
4.886250769472327837e-04
4.976589401978967486e-04
4.042013271542549413e-04
5.205584896093365388e-04
6.201690321561148522e-04
8.021084655637049365e-04
8.300549101756017623e-04
1.198896043254110005e-03
1.530213580166431275e-03
1.268742835170991179e-03
1.088868550788813644e-03
2.676442858321886886e-04
8.307399783647265168e-05
1.506290037255955672e-04
1.840314318417371475e-04
9.809637678679164474e-05
1.864182481388157453e-04
2.621379479720679917e-04
1.737277060734759848e-04
2.101461062317365458e-04
3.018459600622087902e-04
4.908119179231305862e-04
3.583219426177911004e-04
4.463686464326634129e-04
5.736655475637869595e-04
7.046088593552143897e-04
8.193909454240061452e-04
7.644692083860621379e-04
6.032285330000927703e-04
5.317926472813983008e-04
4.160301777869530870e-04
2.755242981948430314e-04
3.258493849889222693e-04
4.388238452260398437e-04
5.850403414716029427e-04
6.474961457982805757e-04
9.714745252949637255e-04
1.146667023396677476e-03
1.544811845780272308e-03
1.807607132345276368e-03
1.821849055167544529e-03
1.276354759825803348e-03
6.629382290148817802e-04
2.205292461856037112e-04
3.411738529354516047e-04
5.071087250348715880e-04
3.927904123689866800e-04
5.627494586698394974e-04
8.894026018841441616e-04
1.116091894137888341e-03
1.348300360842907830e-03
1.521515195003191739e-03
2.163144023410997624e-03
2.730971860137106078e-03
3.854205730855111978e-03
3.944231665952511318e-03
3.183277034437225622e-03
1.744362851663270458e-03
6.071430235217445404e-04
3.873227736486579975e-04
2.495175042759832651e-04
2.812757274233829152e-04
4.428438159589410950e-04
7.220029005670161593e-04
1.024350698544840288e-03
1.510132117090424997e-03
1.729515503171179247e-03
1.837195806304928875e-03
1.720958864451758302e-03
1.827398324260463142e-03
2.227766043567707549e-03
2.854650665793021652e-03
2.735599518041132577e-03
1.681618661953519084e-03
2.080787555631714858e-04
-4.852710731776122000e-04
-6.426719876165831735e-04
-5.693377264845631003e-04
-6.782442472770926212e-04
-5.866147936345253444e-04
-6.012672474682151380e-04
-4.848775389563082794e-04
-4.559710729971251653e-04
-3.465227618413731225e-04
-3.215872925077488398e-04
-2.238177705241421733e-04
-1.069806419274343945e-04
1.305604822782191476e-05
4.033463224506345091e-04
8.794561277994418502e-04
1.106242713285864737e-03
1.539420389155322227e-03
2.046180898926389796e-03
2.434332647022724450e-03
1.831190261038007083e-03
7.499304528999009567e-04
-5.173397482985016282e-04
-9.635627673556419748e-04
-1.055553636741802387e-03
-9.502232780817763957e-04
-8.446627034515916121e-04
-6.645018910372037235e-04
-5.861270958586323188e-04
-4.913895360336081874e-04
-3.881327332126739693e-04
-1.645932691903238820e-04
1.759425722461932518e-05
3.431098524643641512e-04
6.343352789512993195e-04
3.421803778565143950e-04
1.913004456191233493e-05
-3.187757450209688370e-04
-4.743038361870351161e-04
-6.558983918998895213e-04
-9.348497803931266059e-04
-1.007813388001464056e-03
-9.731913891687024587e-04
-8.334936248283603133e-04
-6.940007934414967050e-04
-5.935125259625660676e-04
-6.621417085918464285e-04
-9.018510330201755243e-04
-1.051694590938657969e-03
-1.102776425557547291e-03
-1.085094470951245005e-03
-1.033559347277741153e-03
-1.100884558934849683e-03
-1.188240419477373105e-03
-1.143559750527038676e-03
-1.185521049775262181e-03
-1.210014687828168262e-03
-1.261958896376133565e-03
-1.260755924964031272e-03
-1.218861591591076377e-03
-1.212591668270084078e-03
-1.310099762609161916e-03
-1.243396769517440131e-03
-1.227843782505989856e-03
-1.309738847916897680e-03
-1.326954603682678480e-03
-1.267305352030435872e-03
-1.198295335258572902e-03
-1.232815818874365837e-03
-1.216143805146962381e-03
-1.223963853046444034e-03
-1.300166928803553335e-03
-1.390308970509124276e-03
-1.455964035955392005e-03
-1.531726227666684731e-03
-1.526858918700784579e-03
-1.457286527226164113e-03
-1.432317801402432922e-03
-1.452231748091722258e-03
-1.411833744626309756e-03
-1.383517429486454120e-03
-1.369711766575139322e-03
-1.326855359085350045e-03
-1.231205144983354288e-03
-1.260543887763823645e-03
-1.241151275423645062e-03
-1.284271696665704315e-03
-1.250590523296946782e-03
-1.224676471511719489e-03
-1.200346566362576334e-03
-1.078474151101724288e-03
-1.205629433150903762e-03
-1.139124472799377813e-03
-1.263872558788181610e-03
-1.375093884085930307e-03
-1.321041690443402333e-03
-1.433773946209495470e-03
-1.390507711433452975e-03
-1.361207896116004012e-03
-1.163186557786115988e-03
-1.092266924083241941e-03
-1.089982808178926316e-03
-9.380954752647822914e-04
-7.035217986131291068e-04
-7.318036393709759224e-04
-8.759345143560422209e-04
-1.082447401924216401e-03
-1.172052998206721958e-03
-1.215895593076714298e-03
-1.145645630223204176e-03
-1.050417912986517655e-03
-9.382294924873552100e-04
-7.855961418768465931e-04
-5.094217602780413967e-04
-1.914695537189869956e-04
-1.578277851239928697e-05
-2.302122040532365854e-04
-5.915622469292516894e-04
-9.319711548423231795e-04
-1.127740887099180911e-03
-1.103438509624288938e-03
-9.904959678761274255e-04
-8.977793163540796761e-04
-6.484387047464325315e-04
-2.416237010984499667e-04
3.998854711752992952e-04
8.598355519750904008e-04
7.077258419065403372e-04
1.785848197927743242e-04
-5.049152649963632722e-04
-7.972376776949063881e-04
-6.546286216015523296e-04
-5.372710422296145261e-04
-1.018485650170035395e-04
5.019816826157610934e-04
9.130086829980330054e-04
6.327949657761004765e-04
2.554865686850600615e-04
-8.555965317465913378e-05
-4.687951771865928041e-05
1.347301463226410756e-04
2.674983964682658977e-04
-8.303665642740709618e-05
-3.359567294815117566e-04
-8.802135860431492542e-04
-1.287359626698326986e-03
-1.370591853465837062e-03
-1.307952865893902833e-03
-1.262423174883484794e-03
-1.302625018361425191e-03
-1.327072546231575917e-03
-1.357404469686060433e-03
-1.441104407220880623e-03
-1.466906527861522314e-03
-1.353128925824044482e-03
-1.278823226194207574e-03
-1.294964870504251159e-03
-1.354632979058009723e-03
-1.360918382689542405e-03
-1.093909004771510124e-03
-9.964744090964414158e-04
-1.030977064788815567e-03
-1.220601774039074133e-03
-1.375939626880755273e-03
-1.334972054187116841e-03
-1.153360468055256854e-03
-1.022073489011104258e-03
-8.827132232664194889e-04
-6.668147449929544279e-04
-2.701959856969138318e-04
-5.804090962472155391e-05
-2.359062365009205464e-04
-7.108780133487091479e-04
-1.187589747274959973e-03
-1.299732009813859418e-03
-1.461246603394125709e-03
-1.539564375419254921e-03
-1.614416989708530870e-03
-1.588405258532425701e-03
-1.495959301257128449e-03
-1.215061234906368581e-03
-1.000819947872981508e-03
-7.662045560774613517e-04
-5.198945752602039672e-04
-3.264012056955478691e-06
5.626117055516875742e-04
6.872970829185538755e-04
4.315949865272075692e-04
-1.815949396509232427e-04
-7.904975055284604868e-04
-1.138648521639480660e-03
-1.550776688760305971e-03
-1.751184748316345768e-03
-1.747219308408442390e-03
-1.716114082481639061e-03
-1.598093316981269441e-03
-1.579980132135196808e-03
-1.400999633625207852e-03
-1.094820171512536633e-03
-6.959918075472200372e-04
-2.289420320885464377e-04
2.878590311455875295e-04
1.097574998849201733e-03
1.901334347463236318e-03
1.915214955509225714e-03
1.076586743341295671e-03
-2.810285716328166095e-04
-1.308233028415425186e-03
-1.463954895941522311e-03
-1.507044059703366301e-03
-1.522359824018021390e-03
-1.388500204464661325e-03
-1.319157360785149641e-03
-1.279751281681191372e-03
-1.080389433886219663e-03
-1.060125814670680178e-03
-1.282475189585019493e-03
-1.521626481365074418e-03
-1.705495835766745322e-03
-1.742622913624843409e-03
-1.647156500873488832e-03
-1.663485073970544237e-03
-1.558169102319467009e-03
-1.365181862906125060e-03
-1.088142743264412099e-03
-9.215310150856650950e-04
-5.494556772499270547e-04
-5.515611128596720203e-06
1.055522572833918898e-03
2.392318872329029372e-03
3.743636343131351296e-03
4.638187232649738229e-03
6.491011318308290839e-03
7.594740369602854396e-03
6.455788476416070287e-03
3.849492739184494361e-03
3.974642159102238781e-04
-1.016549634864524071e-03
-1.213982819747844860e-03
-1.172469252092748354e-03
-1.090344576464528925e-03
-9.380321619788765941e-04
-7.083853841530103612e-04
-2.485887371445234806e-04
3.914702835913774770e-04
2.431641264528730528e-04
-3.047598484444344336e-04
-1.193251542502004464e-03
-1.626459561325160202e-03
-1.680208327258445045e-03
-1.724315635675542288e-03
-1.742932338019987856e-03
-1.626191590726858843e-03
-1.401626433155899604e-03
-1.027645511468833206e-03
-5.606590803100865161e-04
9.323432037978626741e-05
9.724330885640189437e-04
2.222730242237340448e-03
2.867503153425092488e-03
1.978043714279960341e-03
3.130378291207880359e-04
-1.091299734776486619e-03
-1.556018564046517116e-03
-1.593017533408069841e-03
-1.536277106017665955e-03
-1.282344431291604359e-03
-7.797524377868986223e-04
2.077564730927558556e-04
1.537301787416348736e-03
3.178677804171456400e-03
5.665211986762765106e-03
9.091289203539139330e-03
1.192473822807514280e-02
1.052669349294687098e-02
6.345376043158313523e-03
1.205116516195991333e-03
-8.550334853980115501e-04
-9.734009134724427859e-04
-6.245483097883190726e-04
-2.211281874619566712e-04
5.600931004192399865e-04
1.958304925386972900e-03
3.287990861593106939e-03
4.316607510581427914e-03
4.625823402584910982e-03
4.711643126662768549e-03
3.652120965120971008e-03
2.022445652011838069e-03
-1.468945998102308415e-04
-1.282628307899276454e-03
-1.424850646615353350e-03
-1.332423670106212821e-03
-1.213624733206939560e-03
-9.780235382351142037e-04
-9.075581466697589528e-04
-1.110765980355674781e-03
-1.457038162487926669e-03
-1.788472585752997474e-03
-1.868862665776059931e-03
-1.907397882498522088e-03
-1.888999461393398027e-03
-1.801376693330724796e-03
-1.762401620265464236e-03
-1.540498465675117779e-03
-1.248206288470891240e-03
-6.608851217489788987e-04
1.678247577596332640e-04
1.221513667669493070e-03
2.953049919506733900e-03
4.935734746391702565e-03
4.648602362161278340e-03
3.046175270891925135e-03
4.908170213374918323e-04
-1.001554513186193179e-03
-1.226578167537940856e-03
-1.225112525907165462e-03
-1.167701083044293819e-03
-1.095763161260750879e-03
-1.119503108153546006e-03
-1.084498795483595374e-03
-1.050720218658530297e-03
-7.410658057045750591e-04
-1.380945601482282126e-04
9.127211702427591444e-04
2.471625382615583177e-03
4.774038339846516793e-03
6.938942299628769739e-03
6.674273497682056688e-03
4.721573414732088692e-03
2.221939349150939963e-03
1.967888989695680546e-03
2.814520739282441730e-03
4.193082563197267354e-03
4.962301275460861277e-03
4.617465493740615518e-03
4.122153838085430844e-03
3.354025604151884832e-03
3.172803127762240105e-03
2.008516937919604950e-03
1.416393835110482669e-04
-1.204775486943494150e-03
-1.452936969667684847e-03
-1.295727060893203664e-03
-1.168603391583856316e-03
-8.420598076705546053e-04
-1.738887191548577071e-04
1.099450213256056991e-03
3.242597212622804620e-03
6.087084215707798396e-03
6.679925867184396959e-03
4.885313794606917226e-03
1.575254599379606602e-03
-7.916754224988192812e-04
-1.221940015721009049e-03
-1.231990573314464127e-03
-1.114447988705486586e-03
-9.625983329683007739e-04
-7.238947522002006640e-04
-3.434743354104527469e-04
5.218267349293669033e-04
1.250429652805525732e-03
-2.186322129653797339e-03
-2.334151883288206053e-03
-2.317789300103314382e-03
-2.318687357248053887e-03
-2.333417133544792368e-03
-2.338372382836030258e-03
-2.321529128858032878e-03
-2.339121694938032028e-03
-2.355182035443690453e-03
-2.343254083946300775e-03
-2.327551304998962470e-03
-2.359598290086655295e-03
-2.355385500920006633e-03
-2.374498749092034122e-03
-2.351155413800577743e-03
-2.333762973688995393e-03
-2.354567334186851921e-03
-2.362107309972546337e-03
-2.387841096172958408e-03
-2.364896457726578874e-03
-2.349052280395780290e-03
-2.344110996343365394e-03
-2.343667818897474803e-03
-2.345471138560791327e-03
-2.360400440172364181e-03
-2.363865341462715458e-03
-2.371663027152901004e-03
-2.343588664698990909e-03
-2.350291426887675394e-03
-2.358175942874697270e-03
-2.354013532220550903e-03
-2.350495423342870496e-03
-2.350729175803480467e-03
-2.380326872950632236e-03
-2.369120729525673111e-03
-2.357876759424453947e-03
-2.388579147677837022e-03
-2.359235897491851128e-03
-2.369286657939822377e-03
-2.381307786794477702e-03
-2.393527898560988965e-03
-2.368500212006727224e-03
-2.370458401808979085e-03
-2.373414511098816820e-03
-2.381170610322624198e-03
-2.371006854791845100e-03
-2.385793777609779287e-03
-2.378330416296522976e-03
-2.356494104803551898e-03
-2.371539257653557109e-03
-2.390225499592219319e-03
-2.376862125487608571e-03
-2.359187169068646672e-03
-2.382039431142499164e-03
-2.371650854612612769e-03
-2.378813868265921422e-03
-2.370010353728399521e-03
-2.350894235808833471e-03
-2.357283406871598860e-03
-2.359061428352189627e-03
-2.372122959387042845e-03
-2.361088196900852296e-03
-2.364101568862802746e-03
-2.380558312136557553e-03
-2.374723071023498305e-03
-2.382972209486692444e-03
-2.374469250127561604e-03
-2.357428894993815124e-03
-2.376497217123798092e-03
-2.382507063830800742e-03
-2.351094351547471442e-03
-2.342757763416343161e-03
-2.354773768679657361e-03
-2.365409522187021663e-03
-2.355543453090564940e-03
-2.359670834047093019e-03
-2.386045192219776387e-03
-2.378533187620572240e-03
-2.385417864362238821e-03
-2.365299368462046858e-03
-2.379947373081061149e-03
-2.343947537600454475e-03
-2.392315606264959135e-03
-2.358482916918966388e-03
-2.358734039019245651e-03
-2.369401416293933499e-03
-2.344285751741326945e-03
-2.367330203327730476e-03
-2.364296522151315347e-03
-2.369199753621011734e-03
-2.369374762208428797e-03
-2.388658150686921375e-03
-2.372070542330021597e-03
-2.343874296081944683e-03
-2.363927138524964111e-03
-2.359294676142450684e-03
-2.377919711039370651e-03
-2.366760315616795590e-03
-2.365316263160732041e-03
-2.368982700042458409e-03
-2.375954856156596573e-03
-2.360493630246164251e-03
-2.359015282178522632e-03
-2.361678276909202900e-03
-2.369608085808916006e-03
-2.339276445358770204e-03
-2.350235640860605033e-03
-2.363084053108723687e-03
-2.362644580751421461e-03
-2.368755667602575818e-03
-2.375970581893191436e-03
-2.351321995238353502e-03
-2.346704978166106945e-03
-2.351446722234844938e-03
-2.351610328833839136e-03
-2.376827749756473679e-03
-2.386697977357051317e-03
-2.369869446582035383e-03
-2.363296907145187933e-03
-2.378499046336909201e-03
-2.373775029767870304e-03
-2.377650866552963316e-03
-2.368015643838599846e-03
-2.354449700568242085e-03
-2.367861143965427004e-03
-2.352775492599549351e-03
-2.386289019091240513e-03
-2.360490040432303149e-03
-2.366057336609146342e-03
-2.375996904903756105e-03
-2.359811717378222651e-03
-2.365198927133538992e-03
-2.363118404842651579e-03
-2.391609386010094818e-03
-2.374813298073015846e-03
-2.375291421609086046e-03
-2.368464924529800619e-03
-2.379693555146739775e-03
-2.368149500713661454e-03
-2.363717829724557712e-03
-2.352122770234466378e-03
-2.372926858697497685e-03
-2.358355501470168689e-03
-2.360287886882811090e-03
-2.365241847534019226e-03
-2.366644971405013065e-03
-2.382831778961428532e-03
-2.367426552847705715e-03
-2.348441313970366789e-03
-2.352661644567096560e-03
-2.369235518972945265e-03
-2.365172200255397789e-03
-2.358041333892810926e-03
-2.362128900179094257e-03
-2.346603414573487575e-03
-2.348401298717255753e-03
-2.358379541908440721e-03
-2.361074509679334660e-03
-2.361478534716045935e-03
-2.368826788198830080e-03
-2.342665818198818445e-03
-2.357525811584822856e-03
-2.343110457060917570e-03
-2.348188022638897018e-03
-2.355615110358753525e-03
