0.000000000000000000e+00
0.000000000000000000e+00
0.000000000000000000e+00
0.000000000000000000e+00
0.000000000000000000e+00
0.000000000000000000e+00
0.000000000000000000e+00
0.000000000000000000e+00
0.000000000000000000e+00
0.000000000000000000e+00
-1.399217660141144348e-04
-4.109447197350041270e-05
-3.397477671090998186e-05
-2.116810315844208645e-05
3.993120261377991476e-06
3.795362800913804069e-05
9.899087945827028667e-05
5.152591336460288218e-05
1.599414535707402441e-04
1.359432242700464588e-04
1.546757327526918080e-04
1.089726953689904021e-04
1.642021291485482037e-04
9.592442888968488734e-05
1.448185623725353754e-04
9.276232043194804211e-05
8.418663334894271877e-05
1.541075454772194986e-04
1.000751205332134353e-04
1.353506496628090194e-04
1.513722313896612159e-04
1.699458845610957169e-04
2.230006480624310838e-04
2.417473802071301581e-04
2.141068415876315467e-04
1.891552072029872855e-04
1.826824026555096125e-04
2.776439193712398890e-04
2.955131023483423269e-04
2.886420192202698853e-04
3.651289309553606977e-04
3.312808043574311245e-04
5.579138936579741692e-04
5.528610307133294266e-04
7.511246353906070317e-04
9.636928051030210773e-04
1.224925904291851442e-03
1.759576042659589945e-03
2.403851955991784251e-03
3.734738636360569741e-03
6.228631152666620763e-03
9.757373661747961724e-03
1.425814693720528492e-02
2.025819626295861930e-02
4.019091411704399375e-02
1.258157638663858213e-01
3.194022376577798084e-01
5.399735616051949405e-01
6.386880138955315367e-01
5.639969161900931782e-01
3.700858676172388284e-01
1.601163244484837267e-01
4.534068832597812349e-02
2.357522705873510427e-02
1.598469689484548206e-02
1.062174748904774063e-02
6.725662118628766839e-03
4.263281847132281699e-03
3.052292864725129895e-03
2.166971413912414934e-03
1.837637574479966673e-03
1.576056102641366918e-03
1.266767018355242913e-03
1.055679057286505740e-03
8.090575311085757004e-04
6.239337931890839850e-04
4.965193990404404012e-04
4.771057834673658737e-04
4.373300631630994140e-04
4.372028256322824102e-04
3.644275079230582803e-04
2.531708919767741706e-04
1.853912422163025986e-04
1.191383391827352534e-04
1.328726236806618277e-04
8.551059711214142878e-05
4.703417872525816890e-05
4.775454927592043264e-05
7.217641441491923215e-05
4.602619010155017953e-06
-1.638129257824222362e-05
-4.882697368212285394e-05
4.641352614497690210e-05
2.989645973944243806e-05
-7.001240937602737358e-06
3.340356043864817215e-05
7.670446780440320911e-06
-1.787343031861565734e-05
-6.828308874329280798e-06
4.616333344288625629e-05
2.562755263802590777e-05
-1.346546874013421213e-05
5.509200278996234657e-05
6.368620355994003557e-05
5.584686183605913623e-06
8.612541821254732222e-05
2.157919915202199945e-05
6.804744859949946045e-05
1.003940357984650644e-04
1.092491890792995912e-04
3.892365568517602847e-05
8.815627702331296778e-05
6.409394080503227897e-05
6.387650937715594335e-05
8.178419022539934469e-05
-4.372576612239609251e-06
4.550959538390797476e-05
9.402137072310468024e-05
1.011793595257909351e-04
5.132915287221068157e-05
9.253431541779433278e-05
4.283639912505687874e-05
1.157290274476294178e-04
1.703925705174302863e-04
7.753689285378007057e-05
1.810701400787526061e-04
1.971581413746856248e-04
1.267364441303389655e-04
1.103222872886680528e-04
3.626603027657299139e-05
3.174709274263859404e-05
-2.915829549614279426e-05
-4.244874174774704301e-06
-8.562630531777637444e-05
-3.900626708243370988e-05
-6.972059272471881064e-05
-6.700679077550203422e-05
-9.483544740503113690e-05
-1.014039621807308333e-04
-1.564025175280411850e-04
-1.384096907803139542e-04
-1.356161909292843970e-04
-1.507885121334595624e-04
-1.480342071956061711e-04
-1.194590852282295668e-04
-1.273671710843651828e-04
-1.612013535901082872e-04
-1.315315810625494741e-04
-9.070803551844419665e-05
-1.190083574207981276e-04
-9.381661447708383728e-05
-1.357624230457279979e-04
-1.287565596967549242e-04
-1.472566133472741345e-04
-8.873732571765269306e-05
-1.086235090187945285e-04
-8.483317517570670985e-05
-1.326108904594613946e-04
-1.505648514766519397e-04
-1.267890228583354317e-04
-1.841632801743015024e-04
-1.253169267229348183e-04
-1.430117125835947411e-04
-1.839926154826240778e-04
-1.938497619436221897e-04
-2.334431676030701563e-04
-2.184379306528067000e-04
-2.118072984435420691e-04
-2.484824879546085330e-04
-2.048615032808065450e-04
-1.757363712644385845e-04
-1.701959536432734454e-04
-2.512467692531786256e-04
-1.982082714089283826e-04
-2.139965967017654069e-04
-2.075777146739385404e-04
-2.222503582699972280e-04
-1.922280163868320124e-04
-2.359123210155800177e-04
-1.458429990188747638e-04
-2.228793494886416315e-04
-1.502545675262367819e-04
-2.192792659102202335e-04
-1.595353539568661327e-04
-1.178979887593856191e-04
-1.490718451283637447e-04
-1.820632322968723793e-04
-1.151804656913599234e-04
-1.287003734417035972e-04
-1.122410470213650036e-04
-3.625989224517039977e-05
-5.378867812655396818e-05
3.629791457852860059e-05
1.052644904733779363e-04
1.471015931065328131e-04
3.289474877953349474e-04
4.417060461427355089e-04
7.773511956604070572e-04
1.379198444886965691e-03
2.431638881718267697e-03
4.045989320650950072e-03
6.210923445178567759e-03
8.788623204213460993e-03
1.627393557733999852e-02
4.681747558751714333e-02
1.184904777283808525e-01
2.071766942007016721e-01
2.483406292124251680e-01
2.192326825041047700e-01
1.429854209038536328e-01
5.993154585653710786e-02
1.641919532406203169e-02
8.674280718804383561e-03
5.717763548757075209e-03
3.686445608537175511e-03
2.247000206882864004e-03
1.451977205799197257e-03
1.009697369447892790e-03
7.967438508446264556e-04
5.471998950073650447e-04
4.828410819590345238e-04
4.076680392459952618e-04
3.145921417373742646e-04
2.531197940483231879e-04
1.917682265770367933e-04
1.499499937169940234e-04
5.706699095713724246e-05
6.977602027639917548e-05
7.221412032359236788e-05
2.397270135019724524e-05
8.446548837130751775e-06
5.841192843265841095e-05
3.697376850420042160e-05
2.359453483066764612e-05
1.413226715711590753e-05
5.375238209207738871e-05
1.459313471785517180e-05
5.285996754473415438e-05
5.448969480465609694e-05
3.671263848936678897e-05
3.626512762344713536e-05
5.734064900841245871e-05
5.023123558463987726e-05
4.204971697675807807e-05
7.837608680916208215e-05
5.638049395370603456e-05
8.323729810796876016e-05
1.261936536342128656e-04
8.172298939655708860e-05
5.490656496668494535e-05
3.390500380417993398e-05
9.352629764726450023e-05
5.872319578240775551e-05
8.058116763517281234e-05
1.179778453442512087e-04
1.238115933467412444e-04
1.041345402817209220e-04
1.284079992063119624e-04
1.188375166334756927e-04
1.889069547545557670e-04
1.120650034636683223e-04
1.131097829683777589e-04
1.855622523673494673e-04
1.385342167244743572e-04
1.956863344795348181e-04
1.869495447385863263e-04
2.120711320182239179e-04
1.964291427730691098e-04
1.901941570862861197e-04
2.225102990529512215e-04
2.194148795349459835e-04
2.186369743152061229e-04
2.245115656678148275e-04
2.766273695966672830e-04
3.435977718618393739e-04
2.164849075503780251e-04
2.947104446750295481e-04
3.231901871749848221e-04
2.977524963424862947e-04
3.307640128239544564e-04
3.377904114310048556e-04
2.275536490800242340e-04
2.914027232256699573e-04
3.461479752953702804e-04
3.050941853786556801e-04
3.348772053712659180e-04
3.507031951918565538e-04
3.909679788338463191e-04
4.159612333313952859e-04
3.618974582129536044e-04
3.866763024147623629e-04
3.845599083690809383e-04
4.576958876708822621e-04
3.997953595760370127e-04
3.952914458520903618e-04
4.559598574540163485e-04
4.782167024467431915e-04
4.888395931078037826e-04
4.976897988660244909e-04
4.371811045259105244e-04
4.452858508714740982e-04
4.607279740496891818e-04
4.727889224568418425e-04
4.767175436183879178e-04
4.815422464410565317e-04
5.838771650198901209e-04
4.880784533095386402e-04
4.818837545038992531e-04
5.151253781692025080e-04
5.464660098412690847e-04
5.398989713158997006e-04
5.364682207648838186e-04
5.421219373805477582e-04
5.192301770773691261e-04
5.275845849933152865e-04
4.559078059173590769e-04
4.487897184249911575e-04
5.417481219410560933e-04
5.422333256587322237e-04
5.003010970850291228e-04
5.506012482596675528e-04
7.057260587526037465e-04
5.666890644053790282e-04
6.824662582498169927e-04
6.691489298815134212e-04
5.922435708414081068e-04
6.241749233258167551e-04
6.254589468405596930e-04
6.457495312079536420e-04
6.940378505050082136e-04
7.040773920003393083e-04
7.257283580445819671e-04
8.900452954827067775e-04
8.749418362233515878e-04
7.748385059301240996e-04
8.103738342057006938e-04
7.387900889637560864e-04
7.172795857125005559e-04
6.933646050640701608e-04
7.084391569398482136e-04
7.059574831573961484e-04
6.760255391462174912e-04
7.161966313870490874e-04
7.637124623979113514e-04
7.812741938186748558e-04
8.065627493106172774e-04
7.372561274961580979e-04
7.241568584702012812e-04
8.288458015118863043e-04
7.686609848235465003e-04
9.091508237043521845e-04
8.995690266304298688e-04
8.728131679910378082e-04
8.436861076044979701e-04
9.056130351049740401e-04
8.660450140609218805e-04
8.311515615255851697e-04
6.849163894989823698e-04
7.142963558459669571e-04
6.935311648126399331e-04
6.877451542549456454e-04
6.838332538958089013e-04
6.256984873666410207e-04
5.846163918860891595e-04
5.696124890644596594e-04
5.606815811287080287e-04
4.735064803869509786e-04
5.370670528543203259e-04
5.273766907957153083e-04
5.122485421072478506e-04
5.857270389506355479e-04
5.438400595036418927e-04
5.595524443803498449e-04
5.677630040128237021e-04
5.074117650663775847e-04
5.500900209686257480e-04
4.837637281246490173e-04
4.691991723945257431e-04
4.741714216853210040e-04
4.741984315406247430e-04
5.221255004136601818e-04
5.890869948394911182e-04
5.537758337211887150e-04
6.003707817374415168e-04
6.841054486990752470e-04
6.404533511075935492e-04
6.671580579124675170e-04
6.223491860059271463e-04
7.274853219835647478e-04
7.395801197593310228e-04
7.686833915601376521e-04
8.280109524550910427e-04
7.610313699302831414e-04
7.773305416818518387e-04
7.575408145615372679e-04
7.792169763103651281e-04
7.458064486080204225e-04
7.248531405266572802e-04
6.187880846737492391e-04
5.764484310526729605e-04
6.104691796408392990e-04
5.861077809809420169e-04
5.229193708084223235e-04
5.136916886670991889e-04
4.984237975705213541e-04
5.195414573712781037e-04
4.515448822693529651e-04
4.471890525457461463e-04
3.785893628404715661e-04
4.260586634875565548e-04
4.543876136637037266e-04
3.893593222613761506e-04
3.826633658363179369e-04
3.293884784634285023e-04
3.207274159667469760e-04
2.386931068559458580e-04
2.425471990665298283e-04
2.067370308188737349e-04
2.872134060811354361e-04
2.161796301918261776e-04
1.956693445117133057e-04
3.006893754652420481e-04
2.679831514576375140e-04
2.611547079471449040e-04
2.408064246384733487e-04
2.272295382735045610e-04
1.976477052009692481e-04
2.178646313301460524e-04
2.060702110728562797e-04
2.279494847290397530e-04
2.819373637881067429e-04
2.699202694361954591e-04
2.809473644910381873e-04
4.395048880809493408e-04
6.135237178666805291e-04
7.673496059528092661e-04
1.254702650390633611e-03
2.821228751253783418e-03
6.254692447305226777e-03
9.943779765656975134e-03
1.110967396970032744e-02
9.086594137614083244e-03
5.527646842266940863e-03
1.998737196958456919e-03
8.059059074308830284e-04
5.682400676357418634e-04
3.785737050490053934e-04
3.524714898375871930e-04
2.570786369104557934e-04
3.185658206677696724e-04
3.673518894274224733e-04
3.535566330026343462e-04
5.354942797516290542e-04
1.090795527381484276e-03
1.982948001360750057e-03
2.572920416185169035e-03
2.401698640768654136e-03
1.825810020792816013e-03
9.127242612433014712e-04
4.498876839364729374e-04
3.224570261325943044e-04
2.911449231007279259e-04
2.865266910764760477e-04
3.251985708444746215e-04
3.416768195519323537e-04
2.605612527185746652e-04
3.031181355534068311e-04
3.390488459141735578e-04
3.150325713119003779e-04
3.198176862609439230e-04
4.410639572165198086e-04
4.078846888522502656e-04
3.864870317132132471e-04
5.398733489453411138e-04
5.247904528798627566e-04
6.389021217323223589e-04
7.176095585693167966e-04
8.502349032287678798e-04
1.017923361229591817e-03
1.321193741425814860e-03
1.566836602928431410e-03
2.132122303171300748e-03
2.985343522544224582e-03
4.439083992726779171e-03
7.430262336222723252e-03
1.302875394345484605e-02
2.176567577683762023e-02
3.210435039617787201e-02
4.622047617212067527e-02
9.903366214315122151e-02
2.574072983453897789e-01
5.642487377780542879e-01
8.908763232985146274e-01
9.589497288980228795e-01
7.673209753231038377e-01
4.334122696965851951e-01
1.418180631057289198e-01
4.632683404278696571e-02
2.708382722718567781e-02
1.627073364675180045e-02
1.051950323211921223e-02
7.560144294042128732e-03
6.508148944001958258e-03
6.487783764702506617e-03
6.667912065193189186e-03
8.609102757202731493e-03
1.730508888874784240e-02
3.882641354893688612e-02
7.184062267923563283e-02
9.217147001045107590e-02
8.498034932924196372e-02
5.827206865608962338e-02
2.539245755959891604e-02
7.618175867120886846e-03
4.057096247386975107e-03
2.644540452964576349e-03
1.811526172377460331e-03
1.318402811633249960e-03
9.761033461473805906e-04
8.537330641655432872e-04
7.748914059548042688e-04
7.495948934592225332e-04
5.757306097585040972e-04
5.670069547582395897e-04
5.209512363398283163e-04
4.896259368500355258e-04
4.149455702949986224e-04
3.517120751231131437e-04
3.960237149479226004e-04
4.005157498427960872e-04
3.296195952922978401e-04
2.621822214611685409e-04
2.902279288385309353e-04
3.390302566966540976e-04
2.879778494418797075e-04
2.675469582947148650e-04
2.848351160513323821e-04
2.993304104434435509e-04
2.681265768487775536e-04
2.269849672561080611e-04
2.403760523122869253e-04
2.412528045362058449e-04
2.236985821213316461e-04
2.574228938662798116e-04
2.226466234307375447e-04
2.436190691767897709e-04
2.606394620284849251e-04
2.224653832764850181e-04
2.992505695746175420e-04
2.852468548504641377e-04
2.942975229092356648e-04
3.117796755247384533e-04
2.821843293867171143e-04
3.802996977034789339e-04
3.919352849025489749e-04
3.669861264061768935e-04
3.386827821498863966e-04
3.188006973928736443e-04
3.125580675998676505e-04
2.598706859973654026e-04
2.502390364363046849e-04
2.610321415142113910e-04
2.462034534482585024e-04
2.331486293413384536e-04
1.601742597839364568e-04
1.970369392289700317e-04
2.446476463945912450e-04
2.084950491393899874e-04
1.877642093325998518e-04
2.025103007077602713e-04
1.857976195796945396e-04
1.743609963091932724e-04
1.600047008678204263e-04
2.053491552043359980e-04
1.682089487530652461e-04
1.870737069237862760e-04
1.554009254465388290e-04
1.557088019290414627e-04
1.724603538654223556e-04
1.718570487567183669e-04
1.711460445849924406e-04
1.042507002226508717e-04
1.288544708835034913e-04
2.181251768548775338e-04
2.154481126155419202e-04
2.532579828404407651e-04
2.098745479152536175e-04
2.582282196122442919e-04
2.153051955176357724e-04
1.977671260945113030e-04
3.426546929878523939e-04
5.469540199512235024e-04
4.840860401576635441e-04
3.978617238725931649e-04
3.921717801782381718e-04
3.625858982209059778e-04
4.278238845334125795e-04
3.115528741312739713e-04
3.413541756861204757e-04
4.061066480003372448e-04
4.330201712777828615e-04
3.908864685955790175e-04
3.080025160056842903e-04
3.629070135859335799e-04
2.601727492853797563e-04
3.012961917050263616e-04
2.721126264689927021e-04
3.194198828915667532e-04
2.517908105189245460e-04
2.466968336053837474e-04
2.770922961854230260e-04
2.403025522009008541e-04
2.286325577269127107e-04
2.963019578976697210e-04
1.933182951310077891e-04
1.218312508089944290e-04
1.152632429029729066e-04
1.531022490164138383e-04
7.934289562556290365e-05
1.496677177236227507e-04
1.047903058650212493e-04
1.770872961631420051e-04
1.227940168838856372e-04
1.089013263887717020e-04
9.717798600589883096e-05
8.096302989400033789e-05
1.179833752791639712e-04
1.028012778387030202e-04
6.618569057848661119e-05
9.430428742668306441e-05
8.801051530055864491e-05
5.276791049842188830e-05
4.441165952709380527e-05
1.129662484564766811e-04
6.078630852819622010e-05
4.759425630149194397e-05
1.506601811272767488e-05
9.020488678986027242e-05
8.712429319875092393e-05
6.464529289458564865e-05
4.391104714952104304e-05
6.039458450165374748e-05
6.681850140564243867e-05
6.484982913473186228e-05
6.742655507292749650e-05
8.079348651029299999e-05
6.700871727399054789e-05
1.255419502175503244e-04
9.107868404908958659e-05
9.386738441535813493e-05
1.434989842735920340e-04
9.438248565796225620e-05
9.431779403604179102e-05
6.637711365720111445e-05
6.733421712609016785e-05
9.496950830419764733e-05
1.445871473492246762e-04
8.007405287502322722e-05
1.183416146438159844e-04
1.104404873741443582e-04
1.547572599684479688e-04
1.059675297583884124e-04
1.132268658952592655e-04
1.925508186499252927e-04
1.164927371743590401e-04
1.843503764457077310e-04
2.193521087333269448e-04
2.141416729275688602e-04
2.450320269542019536e-04
2.280323954989699198e-04
2.843515848993533046e-04
2.655526147095008116e-04
3.321726640881580983e-04
3.376629332448935483e-04
3.104429620308379878e-04
4.296989564078895762e-04
4.474594994787056690e-04
5.910623892540975421e-04
6.492791322140617494e-04
7.215833903329860188e-04
9.066836402878628021e-04
1.295663170785832374e-03
1.547431690745310062e-03
2.217090033984965569e-03
3.567463914377150269e-03
6.043034434349899009e-03
1.056022203586353542e-02
1.724880012762958215e-02
2.532876286651644659e-02
4.906092561005355457e-02
1.165612413071398651e-01
2.632588888002818095e-01
4.733321871478849974e-01
5.819691199989808217e-01
5.199299922902788085e-01
3.362448820781618330e-01
1.334914014564776430e-01
3.593790553804636356e-02
1.536985599519308243e-02
8.805889378671410972e-03
5.712055158989245984e-03
4.012155769842380704e-03
3.113069880296956415e-03
2.312989300448146934e-03
1.987500553620222266e-03
1.669840900030319930e-03
1.315713523891252901e-03
1.151393813159297397e-03
9.069760092449974387e-04
7.793258314508569318e-04
6.666079015455114720e-04
5.245208190919406488e-04
4.542231501253601866e-04
3.494406661173482531e-04
3.792790238789922608e-04
2.931359348087927974e-04
3.504431601475815894e-04
2.590600416601876455e-04
2.241711790982800490e-04
1.959576310829602708e-04
2.108999161661920252e-04
2.364629115825037098e-04
1.674728177941536833e-04
2.021369434060324433e-04
1.805487165991229159e-04
1.071173211499298894e-04
1.425843865673001587e-04
1.956564419407502697e-04
1.541441757487646558e-04
1.513164097831989907e-04
5.094400902565937583e-05
1.163799545349369913e-04
1.431945741456053245e-04
6.894023839578572455e-05
7.279541204354561534e-05
7.072150894505552232e-05
5.341005542101873171e-05
1.379906035613928661e-04
5.826290970507852496e-05
1.326439179390737078e-04
5.324709859473586437e-05
1.067929064311745613e-04
5.159033403732971035e-05
6.971485273914168612e-05
7.096795974414343844e-05
4.179851392242112107e-05
9.654501502991130746e-05
6.906005484536015260e-05
7.196891390351400908e-05
3.168377270991451500e-05
7.497200923497343572e-05
8.460645758233409364e-05
1.072004862250688917e-04
1.327299107033649839e-04
8.800907897768550647e-05
1.400895962555270824e-04
1.148991138964217118e-04
1.356121929536741044e-04
1.210326494275465459e-04
9.018786494476016546e-05
1.409751948179549519e-05
-3.845005584290211997e-05
9.555955993265086157e-06
-3.894428276231959307e-05
1.476897677712279977e-05
2.844454306912685970e-05
-3.233580110535705376e-05
6.504079399555912078e-05
-3.913307886258682311e-05
-2.912595273671381157e-06
-5.356242330521732153e-06
-6.591572399134576488e-05
-1.484406566754775669e-05
-1.235449204582683702e-05
1.135444862718909542e-05
-4.190994662784525149e-05
8.551020652655672016e-06
1.374658388521299290e-05
3.968805371012962269e-06
-5.668209923599676348e-06
-6.999737242010389826e-05
-1.316950261398552868e-06
2.737645452666193080e-05
1.968393404799817503e-05
-2.024631799574239110e-07
8.220712006075381328e-06
-3.437266314643139253e-05
-6.211660104978034003e-05
-1.067478641823826901e-05
-9.855525613270549323e-05
-1.102421565526146008e-04
-6.358357861591112936e-05
-8.369723129290213004e-05
-1.047172434947632458e-04
-1.225142075078552995e-04
-1.837585341552122609e-04
-1.623752629297189887e-04
-1.467833603251214591e-04
-1.253304743310257319e-04
-1.267903850416945977e-04
-1.746131310899415312e-04
-1.877523192492305815e-04
-1.357338539448721404e-04
-1.562598988942495715e-04
-1.753495382646116929e-04
-1.644593626928952945e-04
-1.708551483427730999e-04
-1.813505483274011065e-04
-1.919809030861557853e-04
-1.996821746046567592e-04
-1.956970176304612119e-04
-2.179948101590084564e-04
-2.066841599043800493e-04
-1.609419390155922280e-04
-2.413636286755435623e-04
-2.028148440456345458e-04
-1.728457812827030593e-04
-1.485852729483094770e-04
-1.826127570160665514e-04
-2.134937296151759312e-04
-2.030227460959183050e-04
-2.236864403488830755e-04
-2.060193358862788537e-04
-2.317310924743742895e-04
-2.062112758539277890e-04
-2.212858208556420236e-04
-2.252827301379919933e-04
-1.867256640087078257e-04
-2.224985659621397938e-04
-1.965568892617133856e-04
-2.000042595366041676e-04
-2.089261833243122313e-04
-2.553258781718761861e-04
-2.174596320515601033e-04
-2.366647941479324557e-04
-2.330682049744223217e-04
-2.425975586887590962e-04
-2.157324094607185327e-04
-2.201600127396535767e-04
-1.962677867114945296e-04
-2.227177401300448056e-04
-1.966265425182786575e-04
-2.106915593681132903e-04
-2.222084864784354408e-04
-2.140627066601688555e-04
-1.680109855942621411e-04
-1.414573209687977617e-04
-9.690109629768850485e-05
-1.095520777996406014e-04
6.916927513476306411e-05
1.604861421380110453e-04
3.526382303119246497e-05
-1.505747519004035917e-04
-1.303284460113587895e-04
-1.917300802073626520e-04
-2.527311962960895886e-04
-1.957622164148326016e-04
-1.732829460990084613e-04
-2.535399002874319518e-04
-2.335070753167536872e-04
-2.460183975716984106e-04
-2.168228516527329064e-04
-1.932487096781565494e-04
-2.455735981891984943e-04
-2.105364249937805021e-04
-2.388007019213378435e-04
-2.232756311300321261e-04
-2.252120462589018990e-04
-2.172908880979998458e-04
-1.975392812179760371e-04
-2.055190166417933395e-04
-1.632325550151511595e-04
-1.657248145203391032e-04
-1.062435756598797965e-04
-1.248210469664001732e-04
-1.182315453268009686e-04
-9.475497670281829432e-05
-1.120933008766089589e-04
-6.220641106421259670e-05
-5.968250516848877529e-05
3.006027705410724282e-05
3.036947699291969727e-07
-1.230018625113862840e-04
-1.638326537199766286e-04
-1.399988673106769554e-04
-1.478973397455313199e-04
-1.910996524320945911e-04
-1.683868351262107765e-04
-1.472021628858150022e-04
-1.912210700885652592e-04
-1.393928242198680389e-04
-1.240492012359525886e-04
-1.662183354308038874e-04
-1.249387406476731854e-04
-1.476910481079674042e-04
-9.156087115228667139e-05
-1.275909088955667903e-04
-8.704080215309745183e-05
-3.682662947098597206e-05
-7.813757019994871378e-05
-3.507958791158088951e-05
-9.885837473177366830e-05
-8.991964019228887439e-05
-8.354023682297095910e-05
-7.544905356059172785e-05
-2.790093692583289764e-05
1.903731790356411047e-05
5.155588654472825771e-05
3.557468692671345023e-05
9.027787738589282407e-05
1.985872524551332563e-04
2.168792607526726091e-04
3.090939210138241022e-04
3.447093893282002219e-04
3.136036520787616189e-04
2.772202284105559911e-04
8.710581839018599615e-05
-7.767461689698468286e-05
-4.468289123227969784e-05
-1.208827837471254663e-05
-4.160577192113129597e-05
-6.010970461859527214e-05
-1.106511564965065308e-04
-4.991433047012161506e-05
-2.982106438402520876e-05
-7.732123668706403219e-05
-3.947623757877272155e-05
3.872601921153795423e-05
8.486644132402187957e-06
-3.244657544895085399e-05
-4.522124614789874153e-05
-2.787145277345637329e-05
-7.934156876061859709e-05
-5.064136061481289142e-05
-3.469068919313700317e-06
-3.551967352329737926e-05
-5.028489796805174494e-05
-6.301750452504528699e-05
-2.990182910504735059e-05
-3.621191762341602338e-05
-2.838957128149799392e-05
-8.134276241675286734e-05
-4.932549950500964009e-07
-6.474525791087815119e-05
-5.031151774670394872e-05
-7.808258305565946022e-05
-1.158741681382205457e-04
-6.580826973531100910e-05
-7.497804148220987841e-05
-1.055046841238610478e-04
-1.101913326615328037e-04
-3.724707175621622124e-05
-3.799303489321337324e-05
-8.192422411664596060e-05
-7.930836049099831975e-05
-1.043874350357340552e-04
-1.340740908364196349e-04
-5.111140853361617609e-05
-3.962916034903202211e-05
-5.328167110432019404e-05
-5.908800547373138645e-05
-1.104860530361240212e-05
-2.503241488410051785e-05
-1.195382436651459823e-05
-3.229269443832949449e-05
-4.360363230368480281e-05
-1.036555779389269905e-05
1.407488175915461159e-05
-1.555276695555662947e-06
-1.956588723844854272e-06
-3.870042647002858160e-05
-6.810865099626806085e-06
-1.982690666405689806e-05
-9.226498126603532857e-06
3.627774423922008884e-05
-3.609606532392617417e-05
-3.578566752676648477e-06
1.442211534550402741e-05
1.843856007333749547e-05
3.043458235643670129e-05
3.468401346488209080e-05
3.225354867991692132e-06
1.470834894134326332e-05
3.908897909248032487e-05
8.014382277536646892e-05
4.726337013551823452e-05
3.480673518987953408e-05
6.255385986970313228e-05
7.090847608128003632e-05
9.470086336929584014e-05
1.104509351521482108e-04
2.405643072422372630e-04
3.365686370088299961e-04
3.944731576765933556e-04
3.462904600542576761e-04
3.581718941934874945e-04
4.443860850299533038e-04
3.900257790560371363e-04
4.147859742210449618e-04
4.654407599824286756e-04
4.291037501696626233e-04
4.828126481832700767e-04
5.119558320627604076e-04
4.540291023108558588e-04
4.391206720330761981e-04
4.183675959599786331e-04
3.863410901382632878e-04
3.472801395338898089e-04
3.517763645794688698e-04
3.744612821528492397e-04
4.062336150107911936e-04
4.160566790607084231e-04
3.722628873586292242e-04
4.084770931335468536e-04
4.421949298571356546e-04
3.919616899744973737e-04
3.466447464329086570e-04
3.454741815322945331e-04
2.635539173714562811e-04
3.013987312646473904e-04
3.119128371059029514e-04
3.127653559025153629e-04
2.992571545816224976e-04
3.042704001594356833e-04
3.139813344443520560e-04
3.366467526411537348e-04
2.626395536305947687e-04
2.784958236884613192e-04
2.770231897729347192e-04
2.415479617181512384e-04
3.072935966166867594e-04
2.786510519101961791e-04
2.664644068269828026e-04
2.697387964286299122e-04
2.530464081325900505e-04
3.038277953251525276e-04
3.360963774422520700e-04
2.690773979803356974e-04
3.095897451692863900e-04
3.224093925423554552e-04
3.102410900141794325e-04
3.164375278108533251e-04
3.009823487068671866e-04
2.931636177501417695e-04
3.212076722218029645e-04
3.164406227769978042e-04
2.520949977036085476e-04
3.484840747726147825e-04
2.457017724800877878e-04
3.943782839287424125e-04
4.084084961288661497e-04
4.492493332099098402e-04
5.260525950858477295e-04
5.981447574301829162e-04
5.898190661670146828e-04
4.311809698755789122e-04
4.065619581260851434e-04
3.114619346252997523e-04
4.148298162270844247e-04
4.161060546192460463e-04
3.993460738908397034e-04
4.730761433179991871e-04
5.449305445311206086e-04
6.709922519719663248e-04
7.879771767942550520e-04
8.214193568418931557e-04
8.011197858186144827e-04
8.665982331355973067e-04
8.406308177952154237e-04
8.521788766022719841e-04
9.345555486324624850e-04
9.665124907104263863e-04
9.798956794757063271e-04
1.080109030814437043e-03
1.061351237442019479e-03
1.073853475988012507e-03
1.080273154723677964e-03
1.042973306626955587e-03
1.108095071831738387e-03
1.257619568286863498e-03
1.407480698244957529e-03
1.623128960413285082e-03
2.224006190876391675e-03
3.226381963151787879e-03
5.296424442739713911e-03
9.459290692211144713e-03
1.844771790690341584e-02
4.366676315234509220e-02
8.763879239561191137e-02
1.624022206383419764e-01
2.682729762318327160e-01
3.534582792676039809e-01
3.514825349482755823e-01
2.537559495020300648e-01
1.249149356647417802e-01
3.696564349756698009e-02
9.158060165877640602e-03
5.069535187840722157e-03
3.800896512423553031e-03
2.927183037910487118e-03
2.546812292968603231e-03
2.167693461171099623e-03
2.029676710475644685e-03
1.751547035106333638e-03
1.639672072239167777e-03
1.444276331500293775e-03
1.242930366139399778e-03
1.217620978911281016e-03
1.130028606319243012e-03
1.093064369418389470e-03
1.092373081546645086e-03
1.054329930897483780e-03
1.091083703646474057e-03
1.137195630849477390e-03
1.042580034843663961e-03
1.036081799228372180e-03
8.982716144755181764e-04
7.985816839460799232e-04
7.406695863950915615e-04
7.055962598664922147e-04
7.503580107045201841e-04
7.703648057577269781e-04
7.150945411943873675e-04
6.738088508093376117e-04
7.365416518413936409e-04
6.613453387043846665e-04
7.225174934296224594e-04
7.940880569922703636e-04
7.255172340845453260e-04
7.400387335915609155e-04
7.569451679404759492e-04
7.550959893678418910e-04
7.885556196609022628e-04
6.963616127763569419e-04
7.510207319782261082e-04
6.796954844158278886e-04
8.667762998083097803e-04
8.544891798915876802e-04
8.614071685558374880e-04
8.510974693221595722e-04
8.682658776339863271e-04
9.624919652621924393e-04
9.716533873415991729e-04
1.020183200495398956e-03
1.071889130599058826e-03
1.243274205672710575e-03
1.245399177009103020e-03
1.395158982550145921e-03
1.653566563728295358e-03
1.730953771722928969e-03
1.949477457351259102e-03
2.135962922268190567e-03
2.531215028884412077e-03
3.300004514430597558e-03
4.660613125198005691e-03
7.921168022701187417e-03
1.441351419926313604e-02
3.179058277234310392e-02
7.140074668306757577e-02
1.371290662555407214e-01
2.362436122647925130e-01
3.760481186469344372e-01
4.798760242727129754e-01
4.714440669448269339e-01
3.360929464628606977e-01
1.615219528193553855e-01
4.782390457834853614e-02
1.327475019802312750e-02
8.374654486662885811e-03
6.950454887194652820e-03
5.806216254143306554e-03
5.093337486697366301e-03
4.700038212345353239e-03
4.163004263554072326e-03
3.979999778430436119e-03
3.789972261826833611e-03
3.521658001988940689e-03
3.436619984142449957e-03
3.234172636159472758e-03
3.216555869924475619e-03
3.047521739835690191e-03
3.071649588516849050e-03
3.208408879511286116e-03
3.026731495082410350e-03
2.883657938316075420e-03
2.838275482638985547e-03
2.858912567686590356e-03
2.661661601237069741e-03
2.576322399194939938e-03
2.491847339706733389e-03
2.542846598197583130e-03
2.389585453439216356e-03
2.311643736381610581e-03
2.236680817327293957e-03
2.079965249392551341e-03
2.088579548614091785e-03
2.018709994655219775e-03
1.896012291613964618e-03
1.795464552356282328e-03
1.728037281011979287e-03
1.694677136293967767e-03
1.504655645880106918e-03
1.484843931054379007e-03
1.449238903363118947e-03
1.388403586948805390e-03
1.509837786525525249e-03
1.662901552618452350e-03
2.023787808800456278e-03
2.627392013569401774e-03
3.356248287332705416e-03
3.611634372027175410e-03
3.450839097840767422e-03
2.472874625652592140e-03
1.675898184202433139e-03
1.152773653958050204e-03
1.108406309297559067e-03
1.157411560972508580e-03
1.124260427524947925e-03
1.139255802197917944e-03
9.837442652949682231e-04
1.066809288077806561e-03
9.294787987786934380e-04
1.040202169009386834e-03
8.742203940614312607e-04
8.655471659437322107e-04
8.618560689749379944e-04
7.753860006869534027e-04
8.174612900653660530e-04
9.028366676910246080e-04
7.421932986069121330e-04
8.678931310657916898e-04
8.443149000422062178e-04
9.162275753218721008e-04
8.077844123680413824e-04
8.007021251039553311e-04
8.771998098456301740e-04
8.548277879887808406e-04
8.642642207651665687e-04
9.122491918291328328e-04
9.896401840162744046e-04
9.955611716747497786e-04
9.965461632721744900e-04
1.074841342768424746e-03
1.182015280610793084e-03
1.226045558762559051e-03
1.284144349842947230e-03
1.317377504316132042e-03
1.414483552598662375e-03
1.403785852323508054e-03
1.519324066287922048e-03
1.427984388034320151e-03
1.491888632057944419e-03
1.609101525754282058e-03
1.445831630191837802e-03
1.522563550309136149e-03
1.462166735391054462e-03
1.486209433322602247e-03
1.402627073837245386e-03
1.495890148356951443e-03
1.427401372214379127e-03
1.554965413452721879e-03
1.563918499180402821e-03
1.550561269247928420e-03
1.580088401959438282e-03
1.484510823956071424e-03
1.405179042280053914e-03
1.469841442866944015e-03
1.466068507629925133e-03
1.412034370977768849e-03
1.407870260645753546e-03
1.335728893023031827e-03
1.406264263018097704e-03
1.361046276174976422e-03
1.408872031321541096e-03
1.445212144941712684e-03
1.417134501881425757e-03
1.367767173937564640e-03
1.415820538790586725e-03
1.383066067108029706e-03
1.445949015693830109e-03
1.395199407092970190e-03
1.383040713285460521e-03
1.357378850526905212e-03
1.405828970233245767e-03
1.360756126641396446e-03
1.449237027396209354e-03
1.425884413950258278e-03
1.496000260224929213e-03
1.519599634104841501e-03
1.445390184072442574e-03
1.495950998344944272e-03
1.601318203247423244e-03
1.565601587276012341e-03
1.634585039147047614e-03
1.818392699684256986e-03
1.916921536049998043e-03
2.180851123371317646e-03
2.658010916406106094e-03
3.439033608821050192e-03
5.398404433821120396e-03
1.083491179808539207e-02
2.523345122975842458e-02
5.151187819741162577e-02
8.835388492457928178e-02
1.372706258579962091e-01
2.040663971917199282e-01
2.450844158104822368e-01
2.292014014496996932e-01
1.509143201326409445e-01
6.651827463865180035e-02
1.737051256537502225e-02
5.150118989030241790e-03
3.596666361369467435e-03
3.107194058786129365e-03
2.724596690109451491e-03
2.416336591371463782e-03
2.191392472390994717e-03
1.890075765812945785e-03
1.877304195547317700e-03
1.748406743481603631e-03
1.552382350571770986e-03
1.625991297603449071e-03
1.407793704742969776e-03
1.418747717784024642e-03
1.383556721335027495e-03
1.415231465181139570e-03
1.374580280080445194e-03
1.430071038566786690e-03
1.422589557462411447e-03
1.323147195159433964e-03
1.403836881821364513e-03
1.379939539403900184e-03
1.393901243357982545e-03
1.472262965628426401e-03
1.408780096155699824e-03
1.338429390853684842e-03
1.399697722045595283e-03
1.420886085089605178e-03
1.464225348800252124e-03
1.309527245549245433e-03
1.379003773166340152e-03
1.320066368859708350e-03
1.277154986358497446e-03
1.378531350760110741e-03
1.333681915817903907e-03
1.355190175706656730e-03
1.227412934977044345e-03
1.187590095597608475e-03
1.208724703124323951e-03
1.209969172391626990e-03
1.265382861500172207e-03
1.212526156078724826e-03
1.277494245779796367e-03
1.294898836978815304e-03
1.241032558710428169e-03
1.233288603397407479e-03
1.258021957096337740e-03
1.273579659738816039e-03
1.204254630762104095e-03
1.205105749604314103e-03
1.251996852618786349e-03
1.237280163919031450e-03
1.330479662379528694e-03
1.210061150483339454e-03
1.347337127230993636e-03
1.260479671845615712e-03
1.275782325867287625e-03
1.121349377584436591e-03
1.192763021500120590e-03
1.178063587849942362e-03
1.154269941930900767e-03
1.190251621647479829e-03
1.239510859827486211e-03
1.276065346784573118e-03
1.424719737226812222e-03
1.390112228811149486e-03
1.248801264716763171e-03
1.204314512452724084e-03
1.321465390208852175e-03
1.265747143781109640e-03
1.218553892999962862e-03
1.199112195400683922e-03
1.192589725290800484e-03
1.140254410783303474e-03
1.114589461761274214e-03
1.047869638282690474e-03
9.451545634084831948e-04
8.633250898884489710e-04
7.388025995735680862e-04
7.027674462196722982e-04
6.992674936392509477e-04
5.842853529338040697e-04
5.863363270788291004e-04
4.726794469239944951e-04
5.346584087150274556e-04
4.131537402046747687e-04
3.950268336069678865e-04
3.537366030826882835e-04
3.533229557297692947e-04
3.301967493808191656e-04
3.072783158223554856e-04
2.464478152239546471e-04
3.037146870296172918e-04
2.607551826108445159e-04
2.624041526807993630e-04
2.976653196192155515e-04
3.000071631049996967e-04
2.693214953066111472e-04
3.070565377461045853e-04
2.924611753076511445e-04
3.628245822758710548e-04
3.917162611059218924e-04
4.396069110923564449e-04
4.628558820466976975e-04
4.787694429582017852e-04
7.010052430350618979e-04
1.042089337055518428e-03
1.965926824753327917e-03
6.115410523742578763e-03
1.634109897390125660e-02
3.463249985331236236e-02
6.031912581392233352e-02
8.734411833888251764e-02
1.295420723818520026e-01
1.707248309177299417e-01
1.864002237912024684e-01
1.493157908356809727e-01
8.347814034253799031e-02
2.878643198283889482e-02
5.883802781396302306e-03
2.385871218106953850e-03
1.870105589123781387e-03
1.463912682073818805e-03
1.220159715948333778e-03
1.056595228921861085e-03
8.396083702437717733e-04
7.258766234825922425e-04
6.696090148130412478e-04
5.346022305714182021e-04
4.797389812724109359e-04
3.584318154158938619e-04
3.297270287894241148e-04
3.026319010935515919e-04
2.711714497514380873e-04
2.575549553217731935e-04
2.657336787750472218e-04
2.709666447443248583e-04
2.433070398235176457e-04
2.256756758451869405e-04
2.363581055466398850e-04
2.695361525778677825e-04
2.286609865443933742e-04
3.037476584826087622e-04
2.753357184898594379e-04
3.107453299127857504e-04
3.276829006249801224e-04
3.184582228380750113e-04
4.072321927415176179e-04
4.690984354732904982e-04
5.469942846832442918e-04
6.078181382792244292e-04
8.106167536244546223e-04
1.161255791584721309e-03
1.648392404438786540e-03
3.560643078561256947e-03
1.206214320989762445e-02
3.181449382476381205e-02
6.261918818349090921e-02
1.013146370738794572e-01
1.410801174903680844e-01
2.035906979420477048e-01
2.693171556156604973e-01
2.924503420750304561e-01
2.362374983630780023e-01
1.333006805367606407e-01
4.741240209587896381e-02
9.679345755241548777e-03
3.910094353688511881e-03
2.707662535261147474e-03
2.236203613649040411e-03
1.832655447802054860e-03
1.521171438806638576e-03
1.292987995821615055e-03
1.077603208108027233e-03
8.609792313936451280e-04
6.845450430557759036e-04
6.548844072465781485e-04
5.227496946749177198e-04
3.949653581128559354e-04
3.371826649110135077e-04
3.366936323076913373e-04
2.634799608119686720e-04
2.480245608185299711e-04
2.252902021339028837e-04
2.303620699045313969e-04
2.272015156301668282e-04
2.425658876157241184e-04
1.936951141477613603e-04
1.916336025740567051e-04
2.066303864853499817e-04
1.637651065506673387e-04
1.587104727101759649e-04
1.633499148498557263e-04
1.299617285418219748e-04
1.891081295259042228e-04
1.793837803427955624e-04
2.147653599613788544e-04
1.808496398605780042e-04
2.051968933722558841e-04
1.709561403255635548e-04
1.537576152456504586e-04
1.405252571005793927e-04
1.829049311723104920e-04
1.959107234086113203e-04
1.096198021701133563e-04
5.301542765805133950e-05
1.239992482549509556e-04
1.324602887645201510e-04
1.092083302086377383e-04
1.583189127409290187e-04
8.737869634553585563e-05
1.568331678960255271e-04
1.524362848017019045e-04
1.652976608542897075e-04
2.316393756001677851e-04
2.131273966790581120e-04
2.589403662713249399e-04
2.564643353097570411e-04
2.203338279770858388e-04
1.749825456443046545e-04
1.876422872371316664e-04
1.784683794546354507e-04
1.468369261134264137e-04
2.380885431832804877e-04
2.589201176390609760e-04
2.170534656539477303e-04
2.365671961282525548e-04
2.450891330528850998e-04
2.541376464127650947e-04
1.566943310321658456e-04
2.193608217409756533e-04
2.619125742972169824e-04
2.486654031399818110e-04
2.449698442839806645e-04
2.677182612437836728e-04
2.649871425221064780e-04
2.754156981246910774e-04
2.735109900605381394e-04
2.395568577954199085e-04
2.267077686991386676e-04
2.426386045479358988e-04
2.443228951684375816e-04
2.083867093435470830e-04
2.430077775427419429e-04
2.947107247607202996e-04
3.391210883971831902e-04
3.441531542236545005e-04
4.254009547053766438e-04
5.202499064801899276e-04
6.259311279790055749e-04
6.253265533339991133e-04
6.534065142074982346e-04
6.418379602848994780e-04
6.836645827119416929e-04
6.905445565704576572e-04
7.277711801765493482e-04
7.137182202128361519e-04
7.179463248690384769e-04
8.074335082000894115e-04
8.770181311315433659e-04
7.985420809532711717e-04
7.306022130883146892e-04
7.998390390041507092e-04
6.931416963305708778e-04
7.264329603869149055e-04
7.422310307388657602e-04
6.778234350425793586e-04
7.948936582269430784e-04
9.063921551219419892e-04
9.769115218839080628e-04
1.054188479185785843e-03
1.167223324232712078e-03
1.250647828903862779e-03
9.871891382942088455e-04
8.070519094870512444e-04
6.992947130275359302e-04
6.959083486871020519e-04
6.905223117159714485e-04
7.053591770667319572e-04
7.340119485060164761e-04
6.833448145208767532e-04
6.929982231133335890e-04
9.436309370216278136e-04
9.165534893371130032e-04
8.491889276814393317e-04
9.112744991757043556e-04
8.835611699635134708e-04
1.011721805718679423e-03
9.885603674062715118e-04
9.670614654621323414e-04
1.013799308905355412e-03
1.000547798528150789e-03
1.060630438403896425e-03
9.963497725615708123e-04
1.118349652061048638e-03
1.073964840087218708e-03
1.057824429372390684e-03
1.018122435825809247e-03
9.940974275220171297e-04
1.012382303088539548e-03
1.083913815907125433e-03
1.077838232499434001e-03
1.054197722612566779e-03
1.068546398036232525e-03
1.069505266288808820e-03
1.185200304982515773e-03
1.163115871058613415e-03
1.283352465877546367e-03
1.198041151991936781e-03
1.217423632056520433e-03
1.307763141166214116e-03
1.376567588926597141e-03
1.532152414594152579e-03
1.469588499446727869e-03
1.449170804793092904e-03
1.324652502055219394e-03
1.284825460781659212e-03
1.356997486328989644e-03
1.358071539105332182e-03
1.420983046250275106e-03
1.400692489238762606e-03
1.495084264243752570e-03
1.456255526882929696e-03
1.434086986073244974e-03
1.499802470498572127e-03
1.569067005532255588e-03
1.750076333214875546e-03
1.882307662606205745e-03
2.032486675890225747e-03
2.105475871639971019e-03
2.209869960930428701e-03
2.399160428620511487e-03
2.735858584568769125e-03
2.966374449948148972e-03
3.115070366842075111e-03
2.984965250565262129e-03
3.192327263546422544e-03
3.919047580596461688e-03
7.915175037956197202e-03
2.694414598307796893e-02
5.786085940963814345e-02
9.898089985693535320e-02
1.405748490759083369e-01
1.797085933807290314e-01
2.322834102396990064e-01
3.154322053029481876e-01
3.913138376655512229e-01
4.021612660146836049e-01
2.965906667663392726e-01
1.575515627956449727e-01
5.028842694338321595e-02
1.221004929209183743e-02
6.631914363302016113e-03
5.205234666857162795e-03
4.491947241635159405e-03
3.970403073758031753e-03
3.478374369581697934e-03
3.327756154019111123e-03
3.198195517334460891e-03
2.769077883832918308e-03
2.617540972943928346e-03
2.512922214782525865e-03
2.304095255735959247e-03
2.325900223745853979e-03
2.243036638389095394e-03
2.288644391656317889e-03
2.444751261127801889e-03
2.431326587549090257e-03
2.565513352331197372e-03
2.602419009548224971e-03
2.908290056464521434e-03
3.589774385386025612e-03
6.756180224701813231e-03
1.707908070857907384e-02
3.310628671261889311e-02
5.473810238036545817e-02
7.585690228345627617e-02
9.676046336101061518e-02
1.257751966985758973e-01
1.679296464839216685e-01
2.069047082428013273e-01
2.071811162965854769e-01
1.480594648161981941e-01
7.681271942726698720e-02
2.393643730523094260e-02
7.058098672517700012e-03
4.518781137461715114e-03
3.924982247095983035e-03
3.564485290527455441e-03
3.517109382919304805e-03
3.199310660598156386e-03
3.144467010831028531e-03
3.024041731174029191e-03
2.792957221986927530e-03
2.717052050000015595e-03
2.729899428940488204e-03
2.521771399214625675e-03
2.517832278069682961e-03
2.539072861852578744e-03
2.662496467202860040e-03
2.507822480204494053e-03
2.521565294748964736e-03
2.502250920667033196e-03
2.406213911380426784e-03
2.309125324229097109e-03
2.482964677136843823e-03
2.334534713033853404e-03
2.326088051915829735e-03
2.347420553752803396e-03
2.355291353098004636e-03
2.347721759665959140e-03
2.269637151648365436e-03
2.378446374937816243e-03
2.149560512252859934e-03
2.241593306144103181e-03
2.261690596243405571e-03
2.249185472573307643e-03
2.150764742828596698e-03
2.259971232858135060e-03
2.286941145971839451e-03
2.366320065677274265e-03
2.206475342671689044e-03
2.311148929110787287e-03
2.255451123099744271e-03
2.252190007611391820e-03
2.357431530282436127e-03
2.379916686919877900e-03
2.294738009010414970e-03
2.363335684952942717e-03
2.347192274574493032e-03
2.332230541381860589e-03
2.399948320060130147e-03
2.382219801002664894e-03
2.346499045562555619e-03
2.462901819902829637e-03
2.458130870874687679e-03
2.290894962204477470e-03
2.249622777860213474e-03
2.137615845343429632e-03
2.087891912813097384e-03
2.126214937301987296e-03
2.069609771248114016e-03
2.105799005862496465e-03
2.045609888013173727e-03
1.930645457187400715e-03
1.971978766400338257e-03
1.941525880454868236e-03
1.917664345289504801e-03
2.002212013117385392e-03
1.965333752378867205e-03
2.004094504996202508e-03
1.969672045367291957e-03
1.985527180751470167e-03
2.041226237546621414e-03
2.069794782009255762e-03
2.262069522317777803e-03
2.666225289861073877e-03
3.765427221716632911e-03
8.472274408887169039e-03
2.188846493059644349e-02
4.592057597102644495e-02
7.454303272769063904e-02
1.013771600765114161e-01
1.301278824102728437e-01
1.732986925612791662e-01
2.209418986598910561e-01
2.405974620948397869e-01
1.923202200972902176e-01
1.127862752706315225e-01
4.127293369341694662e-02
1.028583527174302403e-02
5.357784845083320147e-03
5.046618431875038446e-03
4.562427793382083097e-03
4.111372119559593419e-03
3.948961444714453595e-03
4.185994273661536313e-03
4.051511064964347097e-03
3.485088104074558768e-03
2.835663638598030778e-03
1.923855074417647748e-03
1.697406881642389564e-03
1.563942803123830050e-03
1.553392422941925199e-03
1.602539515137918480e-03
1.514022123705008327e-03
1.476351257813396378e-03
1.500467061384652689e-03
1.454747923511676144e-03
1.484227292571513313e-03
1.424768637452000775e-03
1.485364399480562647e-03
1.532505742632854495e-03
1.444949505901411968e-03
1.596155743598531851e-03
1.531529423382575750e-03
1.558882237612635446e-03
1.715463422135583837e-03
1.842997900783682752e-03
1.838180326512686702e-03
1.798708570825507946e-03
1.979818109387847247e-03
2.035605858463018780e-03
2.039295216305608838e-03
1.895349082982049349e-03
1.799278523917140216e-03
1.768821845968819584e-03
1.746633379123292695e-03
1.879876286259254958e-03
2.285712142760097654e-03
3.508037655027260171e-03
7.195071268422177646e-03
1.438139396245934759e-02
2.425824336060646014e-02
3.530194249380458338e-02
4.878693736472353160e-02
6.565979980989584963e-02
8.280121505861684494e-02
8.898430734100622186e-02
6.973355862187571863e-02
4.047404464531254020e-02
1.442019263169490306e-02
3.779438862163489454e-03
2.098917838278181736e-03
1.679765814894790266e-03
1.447413768012571766e-03
1.343209140996622086e-03
1.234023221546615146e-03
1.111732982471656805e-03
1.068153239065824933e-03
1.057484173172459907e-03
1.009677735773838181e-03
9.809949129946787805e-04
9.511558536400496755e-04
9.226546032861174251e-04
1.043705481316499484e-03
1.105768726157814463e-03
1.173644860464881368e-03
1.128436206673313902e-03
1.011353155041347374e-03
8.588643188996505917e-04
8.217803808327206472e-04
7.850753329070037090e-04
7.643932481327872508e-04
8.908284789344439458e-04
7.623588060904629149e-04
8.200994710276104938e-04
7.576588772768497182e-04
7.361533329184113961e-04
8.051177006133669600e-04
6.828038541507805426e-04
6.853350799749732825e-04
7.172071790959577697e-04
6.405471659365613579e-04
7.479153946608474435e-04
7.559527528705270449e-04
6.702605994315866123e-04
6.920592593734550824e-04
7.785247176902293509e-04
6.732495881812128324e-04
7.761348156547637211e-04
7.328218453091506213e-04
7.343138012753033794e-04
7.743225826376959331e-04
7.681178176839054128e-04
7.760063532945629672e-04
7.947795932153958742e-04
8.784914522330516951e-04
9.261740183253500125e-04
9.561483652870683692e-04
8.695557089978753207e-04
9.414397667635437950e-04
9.917616190979125501e-04
1.042003248142221727e-03
1.111796367127076968e-03
1.187854711045474576e-03
1.506541170685153641e-03
2.341364854257579897e-03
4.807677802332939454e-03
1.035848364820013412e-02
1.922425175058904007e-02
3.400231776039583376e-02
5.371962697918496177e-02
7.805906611456298050e-02
1.004340913318361866e-01
1.055322758552714041e-01
8.162198718943664000e-02
4.684944754966034741e-02
1.552287041891150382e-02
4.118697756560221745e-03
2.128190237557697762e-03
1.770994247464352522e-03
1.607459099873385922e-03
1.425214418281813000e-03
1.291591209283640684e-03
1.296801811336179000e-03
1.177418496385890245e-03
1.243489569352655699e-03
1.146571650200836623e-03
1.055278173079883530e-03
9.849652977657330499e-04
9.378888120749606649e-04
8.652268829513268256e-04
8.055150349238066054e-04
8.907022704808531532e-04
8.861074196496246391e-04
8.712881717095957712e-04
9.140137023387548409e-04
8.757312020635094063e-04
8.382475644423265093e-04
9.298058916411416908e-04
8.712400879510029394e-04
9.095989564555165274e-04
9.090590477588839091e-04
9.305660942285493009e-04
9.229795514384964150e-04
9.508706439060807258e-04
9.525582810495300534e-04
1.046026586226073141e-03
1.173689029108540560e-03
1.078017019500082663e-03
1.056844074014288981e-03
9.255859457488815889e-04
9.204127493228977941e-04
8.463776630547176216e-04
8.953384580578441221e-04
9.411166844000978804e-04
8.579735748895714331e-04
9.141199517201242797e-04
9.636360189691842160e-04
9.399926051853885189e-04
9.464274852579793174e-04
9.511155844831656325e-04
1.027594127488887232e-03
9.821477570872844121e-04
9.462119736281041082e-04
9.180069761587708599e-04
9.554600000974133867e-04
1.019641870021327501e-03
9.950571068788743867e-04
1.093646400434716837e-03
1.058563430413425599e-03
9.620378111016222866e-04
1.036510386318745258e-03
1.106315497374048273e-03
1.088052478820294988e-03
1.024389923515389711e-03
1.043015468573590954e-03
1.071284898770792637e-03
1.052986940175089370e-03
1.019686582475858028e-03
8.992566838862681156e-04
8.879134213435335710e-04
7.441659526720781348e-04
7.137544993806865801e-04
8.210262864888837053e-04
7.219595483077614895e-04
7.966979194616030657e-04
7.751211721617815020e-04
6.929778270233916126e-04
6.289669562234770361e-04
6.912023995255811570e-04
6.913048795876217123e-04
1.013149646096618561e-03
1.893981928198312792e-03
3.403842602916019866e-03
5.407773457162971809e-03
8.790650820022637146e-03
1.949318593051064391e-02
4.359165053529849565e-02
7.034379618263368605e-02
8.008451106275543685e-02
8.811177897463592923e-04
-2.400381256882078151e-04
-3.206470339196243469e-04
-3.954232169651808459e-04
-4.130072857729816249e-04
-5.193829210656808471e-04
-5.221475422882634887e-04
-5.981530807681254003e-04
-5.749736003809596818e-04
-6.010352637586396929e-04
-5.921477707866787399e-04
-6.400272301526135910e-04
-6.738998307958335432e-04
-6.599181544388529885e-04
-6.462685809521875879e-04
-6.966229193251169405e-04
-6.820110698677259164e-04
-6.779236791750256619e-04
-6.697978209503699376e-04
-6.984436787244446831e-04
-6.898036757327710711e-04
-6.981498028697519231e-04
-6.981706573510326752e-04
-7.223133047184193689e-04
-7.129045684710344499e-04
-7.064133345720882695e-04
-7.152188962782565773e-04
-6.813495927990922962e-04
-6.829579448727265967e-04
-7.101956785326851707e-04
-7.206866781882259598e-04
-6.893180463385592538e-04
-6.943793874155598789e-04
-6.740921174094860469e-04
-7.128917914711041526e-04
-7.138368295023511667e-04
-7.301664204664159996e-04
-7.254082363794128741e-04
-7.149690226414262550e-04
-7.181766833227257174e-04
-7.341598389990350304e-04
-7.253642410350522041e-04
-7.274582393102732580e-04
-7.339307892809329714e-04
-7.310566795597703282e-04
-7.374265366156471102e-04
-6.991281013581374104e-04
-7.273405211129999048e-04
-7.184210511509969699e-04
-7.098020989213735255e-04
-7.359278463208301924e-04
-7.385218443330676674e-04
-7.545317362501469116e-04
-7.081826855820927413e-04
-7.125276247027939602e-04
-7.388680900429003828e-04
-7.341264911558745276e-04
-7.169861511815631139e-04
-6.882466193321376546e-04
-7.456886409859461717e-04
-7.386668488956540934e-04
-7.281219752633336095e-04
-7.414117251233684480e-04
-7.070471752508994401e-04
-7.117887722256216465e-04
-7.267874828486772798e-04
-6.999999999999999929e-04
-6.999999999999999929e-04
-6.999999999999999929e-04
-6.999999999999999929e-04
-6.999999999999999929e-04
-6.999999999999999929e-04
-6.999999999999999929e-04
-6.999999999999999929e-04
-6.999999999999999929e-04
-6.999999999999999929e-04
-6.999999999999999929e-04
-6.999999999999999929e-04
-6.999999999999999929e-04
-6.999999999999999929e-04
-6.999999999999999929e-04
-6.999999999999999929e-04
-6.999999999999999929e-04
-6.999999999999999929e-04
-6.999999999999999929e-04
-6.999999999999999929e-04
-6.999999999999999929e-04
-6.999999999999999929e-04
-6.999999999999999929e-04
-6.999999999999999929e-04
-6.999999999999999929e-04
-6.999999999999999929e-04
-6.999999999999999929e-04
-6.999999999999999929e-04
-6.999999999999999929e-04
-6.999999999999999929e-04
-6.999999999999999929e-04
-6.999999999999999929e-04
-6.999999999999999929e-04
-6.999999999999999929e-04
-6.999999999999999929e-04
-6.999999999999999929e-04
-6.999999999999999929e-04
-6.999999999999999929e-04
-6.999999999999999929e-04
-6.999999999999999929e-04
-6.999999999999999929e-04
-6.999999999999999929e-04
-6.999999999999999929e-04
-6.999999999999999929e-04
-6.999999999999999929e-04
-6.999999999999999929e-04
-6.999999999999999929e-04
-6.999999999999999929e-04
-6.999999999999999929e-04
-6.999999999999999929e-04
-6.999999999999999929e-04
-6.999999999999999929e-04
-6.999999999999999929e-04
-6.999999999999999929e-04
-6.999999999999999929e-04
-6.999999999999999929e-04
-6.999999999999999929e-04
-6.999999999999999929e-04
-6.999999999999999929e-04
-6.999999999999999929e-04
-6.999999999999999929e-04
-6.999999999999999929e-04
-6.999999999999999929e-04
-6.999999999999999929e-04
-6.999999999999999929e-04
-6.999999999999999929e-04
-6.999999999999999929e-04
-6.999999999999999929e-04
-6.999999999999999929e-04
-6.999999999999999929e-04
-6.999999999999999929e-04
-6.999999999999999929e-04
-6.999999999999999929e-04
-6.999999999999999929e-04
-6.999999999999999929e-04
-6.999999999999999929e-04
-6.999999999999999929e-04
-6.999999999999999929e-04
-6.999999999999999929e-04
-6.999999999999999929e-04
-6.999999999999999929e-04
-6.999999999999999929e-04
-6.999999999999999929e-04
-6.999999999999999929e-04
-6.999999999999999929e-04
-6.999999999999999929e-04
-6.999999999999999929e-04
-6.999999999999999929e-04
-6.999999999999999929e-04
-6.999999999999999929e-04
-6.999999999999999929e-04
-6.999999999999999929e-04
-6.999999999999999929e-04
-6.999999999999999929e-04
-6.999999999999999929e-04
-6.999999999999999929e-04
-6.999999999999999929e-04
-6.999999999999999929e-04
-6.999999999999999929e-04
-6.999999999999999929e-04
