-1.214433033733544609e-02
-8.922110913879129079e-02
7.789028826815355688e-03
1.590165108795976723e-03
5.981871212057676690e-04
4.280060198582902320e-04
1.008060718641110021e-03
6.765639058064348843e-04
9.677142327635251950e-04
7.024164027206597494e-04
7.242087169194860730e-04
1.262318221337058177e-03
1.178976595241812420e-03
9.770922887399752232e-04
1.225153900609177171e-03
1.462380673784444141e-03
1.483715772617230644e-03
1.725275483639890362e-03
2.145029029669398568e-03
3.354133535579215120e-03
3.583416573219241896e-03
2.213923903279360617e-03
1.580185022948085716e-03
1.640935727684394996e-03
1.319365845373038360e-03
1.209195849946650969e-03
1.744940872927855380e-03
1.561537325239212293e-03
1.384832481153827621e-03
1.610800507885465360e-03
1.749959184245836186e-03
1.523575329603524264e-03
1.660891564908589801e-03
1.348236891147075456e-03
1.560828723666640716e-03
1.426716170968123087e-03
1.345713048078872598e-03
1.395521170569000158e-03
1.790556520103375737e-03
2.195586179414274475e-03
1.945311356845752515e-03
2.431188756747595936e-03
2.345596939589369989e-03
2.493834394914157260e-03
1.750478534597463276e-03
1.872151201499902551e-03
1.962693824859834679e-03
2.227724091971070020e-03
2.306864426749155594e-03
1.256149531821557086e-03
1.343359716205597132e-03
1.391843964919370347e-03
1.124029603592202609e-03
1.396343125940960328e-03
1.022103957540113073e-03
7.512034631820957431e-04
1.123717387950792790e-03
9.822644006574204889e-04
1.062621391346094124e-03
5.840332235773487701e-04
7.374036984616888502e-04
3.869813974746311169e-04
7.078659574671769539e-04
2.983012697122672252e-04
6.780443517787615448e-04
7.506324782493994929e-04
9.209228308746653102e-04
5.766566060081274037e-04
6.121192443185596854e-04
3.659529067943506631e-04
3.657780687832401512e-04
4.168345139687473777e-04
2.755672089039956640e-04
4.125498716823078338e-04
-5.550831252956744954e-05
3.096919801002379069e-04
7.641632277269327922e-05
2.737533718859264109e-04
7.970333817539643206e-04
1.609529595608283348e-03
1.352848358741262635e-03
1.977689236685273300e-03
2.517278671830464054e-03
2.485987853212162646e-03
1.993739051506474014e-03
1.762183481022250309e-03
8.476477682504146571e-04
6.718829863459341301e-04
2.874524724991722735e-04
2.553345952428509591e-04
1.897369155775402438e-04
3.381022765838598287e-04
5.096467596213127838e-04
4.760489822543123584e-04
2.324587318409121472e-04
1.044070824511578177e-05
-4.177461774418356200e-05
-3.753147936204348500e-05
1.743627979983314313e-04
1.152297450253969568e-04
3.760321470918925879e-04
6.487389087524025877e-04
1.273073798767843101e-03
1.139267342355865242e-03
6.352755217106653696e-04
1.449961262172394516e-04
-6.071998086568108910e-05
-8.880499387342588591e-05
-2.582921586654213231e-04
-4.550222091222744236e-04
-1.054983074113974295e-04
-7.992356803585010105e-05
1.712972363132059250e-04
5.183087945378611616e-04
8.760537299885712281e-04
7.604789513954851587e-04
1.485187621722117157e-03
8.852934969726111714e-04
7.569286952155418469e-04
5.981388111581525946e-04
9.300282491519484829e-04
6.059055080117059511e-04
2.649369198407663939e-04
7.736635575565364853e-04
7.336580892638722151e-04
1.408985607385018768e-03
1.475872425103191832e-03
8.795259059509730193e-04
4.947790537626339802e-04
-1.491058637751868643e-04
-8.644094277647507152e-05
-3.601192911265038710e-04
-8.108698473062447842e-05
-1.616246779743701900e-04
-4.604073398951358254e-04
-8.254739255054988067e-05
-3.319621986778431566e-04
1.781571393134201431e-04
-1.411634730175415076e-04
5.076765976708141892e-04
8.823326547475751624e-04
1.868240871507012568e-03
2.438391608396789367e-03
3.052265535846199196e-03
3.130838735865448808e-03
2.636659431314261615e-03
3.150533771244176662e-03
5.916856495049097053e-03
1.481266691736991825e-02
3.025775240463969562e-02
4.880019858464172688e-02
6.508717949531082902e-02
5.394599822634295327e-02
2.835001048116843336e-02
1.025477893418655362e-02
4.040788163393496668e-03
2.286866648852137196e-03
8.963467997191998382e-04
5.664996209645556391e-04
6.401749084189584105e-04
4.626883250982011253e-04
1.819687370674394344e-04
1.175495763943573690e-04
3.838430833723316393e-04
6.007293829811549690e-04
7.842066455895080335e-04
9.156537222386740282e-04
1.173358657966236396e-03
1.898359461686691119e-03
2.401291370888222754e-03
2.153025377455583533e-03
2.244164830108377751e-03
2.200029527887267800e-03
2.489387317660213261e-03
2.425185842340915610e-03
2.749353843807506026e-03
2.680811100185059859e-03
2.482458081293631436e-03
2.305352763241980130e-03
3.256299524319425376e-03
1.996272509275295870e-03
1.450716889188394254e-03
1.171022066421445462e-03
1.720209843134659633e-03
1.004219271908496358e-03
1.159621630518650748e-03
1.088928909541792001e-03
1.149914628339923639e-03
1.254882942614859997e-03
1.715773013427374094e-03
1.457489220693053422e-03
1.905714578964309847e-03
2.442556256853425922e-03
3.882992711276206377e-03
5.382166983527961190e-03
7.600251508227170993e-03
8.121054927151691305e-03
9.250623728323359440e-03
1.143623767982096529e-02
1.674105781648084490e-02
2.056100131316256074e-02
2.454968698608277211e-02
5.056209938210566579e-02
1.217505812704315765e-01
2.263562042939799013e-01
3.412156240390999407e-01
4.149873908132342137e-01
3.188822569332189216e-01
1.416764771956479096e-01
3.954155878421532211e-02
1.492938611777584745e-02
7.761143028176528680e-03
4.968506297624381007e-03
2.608788636194819821e-03
2.653123474172347507e-03
1.960145981469194054e-03
2.106722091202578584e-03
1.999661755530041107e-03
1.383062139640414689e-03
9.350866152547099297e-04
1.361527720912886208e-03
1.168547465199454294e-03
7.828957136674224992e-04
1.633325134922272714e-03
2.095347558018115230e-03
2.281117375248928325e-03
2.141623141324600077e-03
1.980088978679891976e-03
1.749595487736232968e-03
2.313366137395425626e-03
2.672196912904170607e-03
3.470250638044833358e-03
4.197985710227836176e-03
6.747023159571624573e-03
1.180018381542344286e-02
1.838461880680193616e-02
2.533426148510933840e-02
3.280999219935136491e-02
7.156165330411350112e-02
1.652768024143361769e-01
2.979751321517281060e-01
4.523909933127837624e-01
5.628904377496596334e-01
4.528380344216798026e-01
2.402325623797469389e-01
1.669215666742717707e-01
2.306812054431080505e-01
3.431001737699028720e-01
4.426057928178510625e-01
3.670977618570161471e-01
1.797885482651376265e-01
5.282448102438207227e-02
2.267725364937037136e-02
2.017091883157805243e-02
1.673543394144942631e-02
1.290025848074874415e-02
7.464709298724878095e-03
4.798797952051125915e-03
3.860287871937137516e-03
3.881939638878423304e-03
4.530849697136019039e-03
3.892492596495392143e-03
2.307905060528483987e-03
1.159550042642357170e-03
1.790689687279481412e-03
1.527652973827259286e-03
1.861841272532679947e-03
1.756388115588591869e-03
1.514782070284742543e-03
6.504314247751663558e-04
2.589071116552293939e-04
1.557811033857381400e-05
-1.279311244345854304e-04
-8.299012595355814703e-05
2.259268434628008970e-04
3.252555448307603569e-06
6.666354862339268772e-04
1.353107087264410202e-03
1.162321219433881669e-03
2.360333235781858496e-03
3.989096149265541902e-03
4.597101206563772302e-03
6.794103653179561775e-03
9.248296211963269453e-03
1.057987146638345033e-02
8.372843785707836939e-03
4.385381529290646729e-03
1.637890722371346253e-03
1.006042139537657865e-03
1.298897125541556563e-03
1.717086615635868285e-03
2.282457945080362816e-03
4.324471425214665432e-03
7.014723134057432308e-03
1.350537895748386841e-02
1.994039319119970954e-02
2.667598740130491808e-02
4.760951366359046644e-02
1.134912498193102887e-01
2.150946816852130072e-01
3.385796650302364541e-01
4.706775607562811992e-01
4.531200356191535938e-01
2.577444241301578010e-01
7.844505425934920895e-02
1.831834916073343811e-02
7.989819128280298277e-03
4.163683829759914912e-03
2.414366533189743480e-03
1.391782191506596433e-03
6.790475132637530109e-04
4.419169254630539445e-04
4.993735453681091840e-04
-4.018655803114667968e-06
-7.912047176537873039e-05
2.777354302308382428e-04
-1.305026893077682049e-04
2.016513390085128421e-05
-3.971294322151069922e-04
3.092140269273929709e-04
3.298746942324015663e-04
5.413811521813999272e-04
5.637174290583218950e-04
8.111050402210689958e-04
1.183926586741171350e-03
1.003302481375534239e-03
1.741560260278274264e-04
-2.960411362173120953e-04
-2.992419957620340298e-05
-4.114917600157863564e-04
-2.490712894737401317e-04
-5.269169130833889492e-04
-3.591493586631161472e-04
-3.786663567847958767e-04
-7.246047992690018980e-05
-1.824149063433672113e-04
-2.879990374724250568e-04
-5.205956422571073050e-04
1.567689507217528977e-04
1.149851298763993057e-04
3.254799275503178491e-04
7.971484985304783111e-04
1.573276271625720368e-03
1.401730499705003408e-03
1.789974255748519316e-03
2.170522615588768578e-03
3.585606383125508612e-03
5.998034814915079171e-03
1.007795896957137949e-02
1.509810122645734165e-02
2.108840902190900479e-02
2.989934629221151219e-02
6.023953392041188348e-02
1.333439570337409119e-01
2.342704009846646729e-01
3.584410024185166743e-01
5.109915358118070072e-01
5.403506536187204778e-01
3.963879729618008940e-01
2.822292663892242981e-01
3.220085302727476173e-01
3.452529848158245041e-01
2.310889956160385172e-01
8.079256449028708598e-02
1.753321435206460499e-02
7.118110547119943510e-03
4.777961218730225612e-03
4.626663899146177261e-03
3.626470801105938224e-03
3.251672222575094362e-03
1.815880812904638320e-03
7.847076846206613165e-04
-1.282809679458984942e-04
6.252404819882817488e-05
-2.522217190271541787e-04
1.516253823881652529e-04
2.011192414803908424e-04
-2.352028612937484553e-04
2.984701716414045469e-04
3.117448784270143713e-04
5.365314923319319806e-04
8.384736693858862999e-05
5.128256864660035719e-04
7.897478602976321094e-04
1.554017483094749519e-03
4.162566020816937939e-03
8.184294672266015369e-03
1.291672079478899116e-02
2.070677234411547052e-02
4.493096198135961006e-02
9.289767433528815788e-02
1.569676868050810525e-01
2.525464604136362090e-01
3.789800557170173168e-01
4.354767632610274664e-01
4.002109334821731812e-01
4.071349352711328695e-01
3.781898971031757983e-01
2.216250256325151824e-01
6.519033065284020323e-02
1.240914890952642124e-02
5.176253157107318925e-03
3.335302492496222682e-03
2.236539931395456482e-03
1.285694680713114768e-03
8.548764495484167947e-04
2.942125612108992261e-04
-8.131388620769008924e-07
5.371493039080382781e-04
1.429937252270488401e-03
3.122596256252246905e-03
5.691407743508569705e-03
9.188022487683245032e-03
1.809422787768816265e-02
4.125235121028235363e-02
7.490065114363568533e-02
1.173496702906477590e-01
1.732254778778956616e-01
1.941378248363193060e-01
1.275911788589961238e-01
4.361834888625389095e-02
7.052474499357003213e-03
1.375808864577582336e-03
3.803430105216859536e-04
1.854383208426818586e-04
-3.214262973974396642e-04
-7.579943026628510605e-04
-6.993705478459816272e-04
-9.353179396592303796e-04
-9.893289567613761104e-04
-8.904417529614627735e-04
-7.530108299700355445e-04
-1.034157099009544445e-03
-1.350886695888675604e-03
-7.423266572445935685e-04
-1.419845719641404935e-04
5.928473582155618926e-04
1.296351298024744914e-03
2.212420131602318984e-03
1.882167872146872645e-03
1.173081398648884166e-03
-2.371040564808080120e-04
-1.439851581049769735e-03
-1.743581242939482023e-03
-1.646226307291026592e-03
-1.545851619996443937e-03
-1.519624872466623922e-03
-1.518864994027743776e-03
-1.051976999863646345e-03
-9.980765344095726688e-04
-7.701486683186070659e-04
-8.404126123016386618e-04
-2.527814940419398360e-04
-1.201750167894449772e-04
-2.128097097386788539e-04
-3.241739130716569939e-04
-7.087518606541665100e-04
-1.106287081511392323e-03
-9.191387127916866850e-04
-1.070164648893770498e-03
-1.002048602720601034e-03
-7.349442945725759291e-04
-8.150711480643391127e-04
-1.009441932213181459e-03
-9.942912211217541651e-04
-1.500401749154778308e-03
-1.136969398221249206e-03
-1.387776699720108531e-03
-1.402843296216552127e-03
-1.132715156059754813e-03
-1.109879984884196147e-03
-1.527436742167834205e-03
-1.263891425514390709e-03
-1.458083500309376168e-03
-1.511904148790363389e-03
-1.347145211106584584e-03
-1.481038450901042691e-03
-1.331476116985419456e-03
-1.219332019350080620e-03
-1.017883136085487306e-03
-9.890617927904854501e-04
-1.387713779251259494e-03
-1.344833525173602662e-03
-1.307684511033885277e-03
-1.539680475864765863e-03
-1.213239364575541268e-03
-1.145349629606273734e-03
-3.980499332490033959e-04
-7.124407591111853177e-04
-1.561802446922999632e-04
1.414921397000820646e-03
4.223730309667272920e-03
9.024336872703514478e-03
1.608843471169077444e-02
2.810140194769884803e-02
5.861970220670585652e-02
1.105394202709924362e-01
1.797346561842056434e-01
2.725555120058993364e-01
3.742451149898762264e-01
3.579036527243838473e-01
1.926718908335077751e-01
5.160521510661204847e-02
1.054489402865778358e-02
4.631574202316912636e-03
3.195422042066353718e-03
3.026416430204875718e-03
2.598110831606159632e-03
2.411395184289358284e-03
2.321563302176796184e-03
2.458494422596685380e-03
1.474202554226380912e-03
1.212347540258923440e-03
4.598306634720633612e-04
3.872207410868244715e-04
3.703775302548867332e-04
8.247527558420952865e-04
9.189483391180419680e-04
1.151707240926599929e-03
1.743842884668611593e-03
1.910617946400530731e-03
2.793511729624248430e-03
4.333749454003776869e-03
7.983976919161167585e-03
1.721260588854366114e-02
3.050828724202069020e-02
5.027117073251795298e-02
1.064563484634270668e-01
1.947661776442394244e-01
3.126024044333045038e-01
4.754236885657567857e-01
6.810272368951632016e-01
7.313995398008699134e-01
4.599461634182828718e-01
1.443174991238133642e-01
2.611211445791501717e-02
9.453677320249972982e-03
6.166095677007626952e-03
4.437055226307912159e-03
3.204498065724745159e-03
2.976233055290183893e-03
1.942563741370390007e-03
2.291442806608701144e-03
1.705394886613115224e-03
1.817559667559379144e-03
8.826188829910985856e-04
1.271113039618063101e-03
9.397087315282659503e-04
9.995246882728431315e-04
1.139950997753047535e-03
7.167047003614618328e-04
1.107502868485377157e-03
4.954423513605504814e-04
6.299696805846105585e-04
6.329558810680147030e-04
8.336380317278957452e-04
1.151884527327950991e-03
1.222956817909806593e-03
1.343551123553693438e-03
1.261777603591890395e-03
1.632849639525216223e-03
1.470212126977232803e-03
1.233395038600912375e-03
1.598105537521044006e-03
1.992858185206461408e-03
2.562083299170750395e-03
4.342391876918011429e-03
8.381850090274436949e-03
1.580270506134696940e-02
2.657689818508407464e-02
5.228223605791536277e-02
9.683494892694745337e-02
1.662422933437526229e-01
2.598741309480739892e-01
4.189044306791288586e-01
5.945529171279982927e-01
6.459068430605013900e-01
6.308012405941765266e-01
7.330944934769699772e-01
8.890533107063010032e-01
7.109527595855362758e-01
3.080525475387403955e-01
6.790396658136658992e-02
1.626277028192726903e-02
9.609858645034149993e-03
7.625072134231733467e-03
5.517639363698159660e-03
4.678906713673824935e-03
3.907339377725402296e-03
3.631923386793536879e-03
3.846966937345083770e-03
2.833709901653588825e-03
2.405435861347782200e-03
1.240451611462023429e-03
6.363244189110384141e-04
7.182318474668325514e-04
1.046172790554245058e-03
9.170484798071143473e-04
8.618742442244448076e-04
7.855888273314154402e-04
4.999852749217742476e-04
1.273021901180462767e-03
1.592905008248310383e-03
2.605909718413831899e-03
2.520731918677049377e-03
2.117032843465191383e-03
1.271779290714203370e-03
6.105426035283856301e-04
3.923892876965262566e-04
2.858897024046597179e-04
2.958576919478289602e-04
3.085324125620403368e-04
5.935003698273599859e-04
1.500978130285129941e-03
3.940415429092181121e-03
8.987691356635962858e-03
1.613050808457530683e-02
3.356428805875673327e-02
5.900558608403681793e-02
9.307494594087202533e-02
1.433457811527735770e-01
2.146048639193450791e-01
2.845490340271097374e-01
2.559270925562706633e-01
1.273468766142316078e-01
3.669485518270630686e-02
1.466805827035551346e-02
1.121454326459424278e-02
7.052883247358060492e-03
2.638693334746172736e-03
1.442164658992037274e-03
1.423798008560919759e-03
2.296203841980717919e-03
3.544436699618916387e-03
3.008998284147912372e-03
5.610309693976772705e-04
-6.411344914381278404e-04
-9.643593048119514233e-04
-1.187816459189222629e-03
-1.149026980285711153e-03
-1.118474383090387048e-03
-8.498376819626451972e-04
-9.221620645197547983e-04
-7.138544445756955792e-04
-2.464998322868200420e-04
1.531525479807199774e-04
7.596489213017587616e-04
1.426247919354389770e-03
1.351507134438142965e-03
1.056132775705306837e-03
-2.481464975024466613e-04
-5.888226378790301085e-04
-9.914730749129713194e-04
-2.439167220445320750e-04
1.064012628036792307e-03
3.878962405724314944e-03
9.967324179003006490e-03
2.094549997028985477e-02
3.321691673759187557e-02
5.248419578848863287e-02
8.018847154586401793e-02
1.223255619460857785e-01
1.562233684405692213e-01
1.286878791428147650e-01
6.006268270953625532e-02
1.407756694541095754e-02
1.752826323240641582e-03
5.916676699319473043e-04
-9.253713793196116644e-05
-2.340989584904279441e-04
-6.830649454908910290e-04
-8.310055631283452815e-04
-8.691211776677976175e-04
-8.775455242811536216e-04
-1.136692095126887181e-03
-1.018521184381004918e-03
-1.368253213059819617e-03
-1.203032398295902916e-03
-1.397454313035645379e-03
-7.403256281543896256e-04
-8.820897109173275741e-04
-7.045421053374634202e-04
-3.577800899783323274e-04
1.029951442626797498e-04
1.251486561509931872e-03
2.451374823567123440e-03
2.532811568081813625e-03
1.312551949186016587e-03
-1.606164719099717475e-04
-1.106841932634800019e-03
-1.365047359060539423e-03
-1.277749611376680083e-03
-1.242826631261420567e-03
-1.136811428468859075e-03
-1.291923633835886931e-03
-6.946613664657458331e-04
-1.415505385562870755e-04
3.629368480338179825e-04
9.059948121920430308e-04
1.642641518456236516e-03
3.161838190434113072e-03
6.912449950927226916e-03
1.158285618490015323e-02
1.673220086790858097e-02
2.514905589256835605e-02
3.641109969630630661e-02
5.408906648464205380e-02
6.873163561650198761e-02
5.922743484571744987e-02
2.912657916221607357e-02
7.006195427162575928e-03
7.070447237472604618e-04
3.562572244387995912e-04
6.893561552624577482e-04
1.529328703533575085e-03
1.708001767593503306e-03
2.046971898977373305e-03
2.177044349559509318e-03
2.285028790128901255e-03
1.942227418033140585e-03
8.691216297437021066e-04
1.380261889951661658e-03
9.949821267786068679e-04
6.253831915930679886e-04
8.926447061786968451e-05
5.773692466932850431e-04
1.339288679283331951e-03
3.860403191846037418e-03
8.696222486077404001e-03
1.936507533387819835e-02
3.735425892575051920e-02
5.921429795243147998e-02
8.478517652188950759e-02
1.299203951186830852e-01
1.985821471106961611e-01
2.817905146445430220e-01
3.054469078002461924e-01
2.034782756736263076e-01
7.191647009380604250e-02
1.159383096868744911e-02
2.678497822105357917e-03
1.386350605772038169e-03
9.732275825888592191e-04
1.315807449295935960e-03
1.563098205091026371e-03
2.865406424054070533e-03
4.640917606036312759e-03
7.390740129195286223e-03
1.103698725499170641e-02
1.223563136966093756e-02
8.933657800755279155e-03
3.588260216489239096e-03
1.514094638790652869e-04
-5.115571713256855668e-04
-1.934424505802972982e-04
-8.243865721260928980e-04
-9.502963710426581834e-04
-6.824256471729545082e-04
-7.676968290916685866e-04
-6.500341600335080017e-04
-1.364825702237365546e-04
1.256337564552637009e-03
2.870411738618766639e-03
7.333169570514525004e-03
1.880499399670354510e-02
4.801093860518208800e-02
1.030040081218795839e-01
1.599862574821493966e-01
2.293290257010598965e-01
3.396694484601588404e-01
5.114591418282502522e-01
7.511317541609171533e-01
9.028284627571637744e-01
7.040912977881170765e-01
3.044884624053921796e-01
6.193030088586491677e-02
1.272077181233817467e-02
9.155415549851206314e-03
7.527600595802125261e-03
5.890004214671895610e-03
5.930962467413147809e-03
6.663915265324948933e-03
7.330354811019970662e-03
5.262218165259180402e-03
1.361641917451750228e-03
-2.084057158845270541e-04
-5.852841257145829923e-04
-8.832893446846373786e-04
-9.189716175426881906e-04
-1.160496601831761954e-03
-1.161786420254759533e-03
-1.139733696037745214e-03
-1.361557290174092438e-03
-1.312039538035172925e-03
-1.135036895782801092e-03
-7.430755314114662058e-04
-2.809844410236461698e-04
-1.406226084064987614e-04
1.923152482288248422e-03
3.706843493424677449e-03
4.808060899635924201e-03
6.029910229883486683e-03
7.536493784765119219e-03
1.023321501911575448e-02
1.532602367558585921e-02
2.142468045100744123e-02
2.044603255556071142e-02
1.280032950339819731e-02
3.652308783230834299e-03
5.928865161485274982e-04
-7.249215265595077007e-05
-5.052157644206689557e-04
-8.570107528027282040e-04
-1.119645105696787102e-03
-1.133421942348084022e-03
-1.489631386111217592e-03
-1.025689942031143831e-03
-1.630781591097474337e-03
-1.314875066522433467e-03
-8.972034851761345742e-04
-9.240532058178568819e-04
-5.121042138801629173e-04
-5.493587378390396569e-04
-8.979296401764175206e-04
-9.205301677210342426e-04
-9.329040553838069405e-04
-8.065823733811178231e-04
-7.052891684378448378e-04
-1.199935450328329378e-03
-1.071859819495563082e-03
-8.499216011831067785e-04
-1.009109864968035786e-03
-9.047235110097306965e-04
-8.163731403372509465e-04
-8.107233783622574963e-04
-2.673862914913532896e-04
-7.304597877040575060e-05
4.846693716386851758e-04
1.086579311234694978e-03
1.463683328383716398e-03
3.249174062724818901e-03
6.644321632572225411e-03
9.949448975829486286e-03
1.237527591777752567e-02
1.569732954820322879e-02
2.058140608681352512e-02
2.977710672813875525e-02
4.025423902614026772e-02
3.881732888886073318e-02
2.224122015499359339e-02
7.124018504121545914e-03
9.978594667040957544e-04
3.266051691267479740e-04
3.446421260599880076e-04
4.748809042538215675e-04
2.420900089791372389e-04
4.370714985858642487e-04
7.355241648081267680e-04
1.117467831493884622e-03
1.405984513884253606e-03
1.623403673132295388e-03
9.871403674628909108e-04
1.069774059388961529e-03
8.741276802549380331e-04
1.076270614159435812e-03
2.123751020530514899e-03
3.897592875775929278e-03
7.067920005292313568e-03
1.035486527432326331e-02
1.386905598887219759e-02
1.842443972099153116e-02
2.592947545188821479e-02
3.694673440846553414e-02
5.402871450515676910e-02
6.625168607892988060e-02
5.753341986497080562e-02
3.115386927206052758e-02
1.140590373567682003e-02
7.678951894064076078e-03
7.527024969372062002e-03
7.018308580160975696e-03
4.954926025756770103e-03
3.916452131777617418e-03
3.038760340353788281e-03
3.591241369810899142e-03
4.750834441861515045e-03
6.330832334162553310e-03
6.164463060485597667e-03
5.520926900248288027e-03
3.960176607487278511e-03
1.915709281649746742e-03
1.266270484766157667e-03
9.333858760854768510e-04
1.366909983596412137e-03
1.577271632051693850e-03
1.737863162129316130e-03
2.278669115577183768e-03
2.971473475439870282e-03
4.339233872343931098e-03
6.024313443905041088e-03
6.464041329688349768e-03
5.025014199256688796e-03
3.120335233791307616e-03
1.707610001710976877e-03
1.678234789902657842e-03
1.297958376354033105e-03
1.094503150986345097e-03
7.769621666594145326e-04
7.350211177663545925e-04
1.452480896858551751e-03
1.160597351217040885e-03
9.086149559068279480e-04
1.423904510337567486e-03
7.584553078907041446e-04
1.037900127559096553e-03
1.688012355048534863e-03
1.473803400179996004e-03
1.744518543381021192e-03
2.400055668511300033e-03
3.291005985420966673e-03
3.398752788728934271e-03
4.480140397960200027e-03
4.888583481776634376e-03
5.195686582166750278e-03
5.044029684237283373e-03
3.312984968575197198e-03
1.395747565373459120e-03
1.486728149395474818e-03
1.174869383440552140e-03
1.575148776059284716e-03
2.121048075915246689e-03
1.873228705608062650e-03
2.550419181793328605e-03
2.663361811006667579e-03
2.887974902508985697e-03
3.434802409069265261e-03
3.425386628295543079e-03
4.507105494622978825e-03
5.055800689440559381e-03
5.221004707141735368e-03
4.741270747842418753e-03
5.847604895463320851e-03
6.941468594645880397e-03
8.059920457236552371e-03
6.727606264952820658e-03
4.880602516655632717e-03
4.113866059895263105e-03
5.377474709498855643e-03
6.339603453671113775e-03
6.232083691847495333e-03
3.808967437674740109e-03
2.319295887013780866e-03
1.550488120166906847e-03
1.450736349640227574e-03
2.040449139984565341e-03
2.919557252746646236e-03
2.894971927883155383e-03
3.825579246219013019e-03
6.078873933214767877e-03
9.182644751025717533e-03
1.264998652087324926e-02
1.541626945049469344e-02
1.933008950112283242e-02
2.447624074223218871e-02
3.498459832012169868e-02
5.118798850184909377e-02
6.174504699276332775e-02
5.291227598077964667e-02
2.839762922512294174e-02
1.047501975807800523e-02
6.853943963217284940e-03
7.820921637361477607e-03
8.000398280284995445e-03
8.904168416753358017e-03
1.032789997909638879e-02
1.290883686639944516e-02
1.738603023925910929e-02
2.065328240328305476e-02
1.803134515212914679e-02
1.170309014023224181e-02
7.469842917776262081e-03
7.374956418118847057e-03
9.166740700967651589e-03
9.603944809471701149e-03
8.573886789659576624e-03
6.059502172961250821e-03
4.226470489135242259e-03
3.434831274989294525e-03
3.720961799082128652e-03
3.440058118769059869e-03
3.584255072176648071e-03
3.263958181027815098e-03
3.418167970137095391e-03
3.460480299336654575e-03
4.072150873196622722e-03
4.051506274185753820e-03
4.593731904381517794e-03
5.618330093077911203e-03
6.205453250007902932e-03
6.410227621335487513e-03
8.064179248716260573e-03
1.009690294320673976e-02
1.275774923432745900e-02
1.747870709072718576e-02
2.146495066155726383e-02
2.201884837501398573e-02
1.829212238050807737e-02
1.800223265569303455e-02
1.833507324749214518e-02
1.618285954763953871e-02
8.838921101587612905e-03
4.981734159541187368e-03
4.677416572202608425e-03
4.055469794507451931e-03
4.392073059717657713e-03
4.055412446205219901e-03
4.776926212816445805e-03
3.854478258696447668e-03
4.846176960064785266e-03
4.831491009183674912e-03
4.997121979337618147e-03
5.334073191267607594e-03
6.234471675660699375e-03
6.624943725979035025e-03
7.874177645930166558e-03
9.925554216209026004e-03
1.097825369025347275e-02
1.098614057376062769e-02
1.004410039862922710e-02
8.529521862516251107e-03
9.018723319210830702e-03
1.107402428258333349e-02
1.283745116742197878e-02
1.375192159395609293e-02
1.544744811427263553e-02
2.054394254620575677e-02
2.671797119504892848e-02
2.930201446000886556e-02
2.618430240671656972e-02
1.628333107495247289e-02
9.667899224210629860e-03
7.071919055220504680e-03
6.677051482366316848e-03
7.148681154421757111e-03
9.822447456112687325e-03
1.300719663416821659e-02
1.625370703480893964e-02
1.953967991147503858e-02
2.388304711140390446e-02
3.129952360202371830e-02
4.332009855782330277e-02
5.861041161467193950e-02
6.446796338915224134e-02
5.089352736070064387e-02
3.231399687661058728e-02
1.794027219236794812e-02
1.796358034650345770e-02
2.021801379383333930e-02
2.351768802798206992e-02
2.225400931120963266e-02
2.444161650628033644e-02
2.660436718115628818e-02
2.455128924242280797e-02
1.848957988247230955e-02
1.502353103839702830e-02
1.582294760148113266e-02
1.940726973980852477e-02
2.338674044613969771e-02
2.828114903986454765e-02
3.401489888634230685e-02
4.270605268034961821e-02
5.483924018438042502e-02
6.070496271546878264e-02
5.481081074930731212e-02
4.656142009000203974e-02
4.501520205160326749e-02
4.591424560387609433e-02
3.862065940364688144e-02
3.055232090085553687e-02
2.184456371679904807e-02
1.640974585722825008e-02
1.314575001553663913e-02
1.120399210922422284e-02
1.084568222031047358e-02
1.185404885813273745e-02
1.281129781997532302e-02
1.403579260718325339e-02
1.648762299451153601e-02
2.138345763625179585e-02
3.217247220188264312e-02
4.383762177480664268e-02
5.409485370354795430e-02
6.128429067458353308e-02
6.470775887792747094e-02
7.069759670043911093e-02
8.278713360649291031e-02
1.036299657628530629e-01
1.188953845887982669e-01
1.217623595155392507e-01
1.290639178503168449e-01
1.531520831431557594e-01
1.638345641658259799e-01
1.206858614595272966e-01
5.882412419162509620e-02
2.535771758780934471e-02
1.760123434774167606e-02
1.380408433276293645e-02
1.428510881883840455e-02
1.534463328682537930e-02
1.483399656340297912e-02
1.585766791448831037e-02
1.668924725421642996e-02
1.648658696905766496e-02
1.608397611169806729e-02
1.544551894455087337e-02
1.567804537433196976e-02
1.752841379323415161e-02
1.648040932990696428e-02
1.372545509379773099e-02
9.798685323793646096e-03
9.587029158279622432e-03
1.127075959321455212e-02
1.287429640862090829e-02
1.180786660642091368e-02
1.035012385871589280e-02
8.314623679461161099e-03
7.591100657162716536e-03
8.394685806414808882e-03
1.138695551023312380e-02
1.521043177118021339e-02
1.990290479112860611e-02
2.259634759339085308e-02
2.610199258422729596e-02
2.573373170687272282e-02
2.950564874992199493e-02
3.977341982998304493e-02
5.038034806249021280e-02
5.826628437581492237e-02
5.371608968798922967e-02
4.495479005443285547e-02
4.726793119874352078e-02
6.620744223358256131e-02
8.623305362680343256e-02
9.108126251461969025e-02
6.417860272315072112e-02
3.516815902179744324e-02
2.248855397757079655e-02
2.490528397831778817e-02
3.065592893890266291e-02
4.230973722946369808e-02
5.686452289998243648e-02
6.392047356111825451e-02
5.715863805019731625e-02
4.019501112487385008e-02
2.554835500571696338e-02
1.699182454601007308e-02
1.373013459180789930e-02
1.454382224734049323e-02
1.625568166291815886e-02
2.089619050758065311e-02
2.529192275610050999e-02
2.763911352166814606e-02
2.470576280227151922e-02
1.876608291934674100e-02
1.596247000055497911e-02
1.447897139605447414e-02
1.185555561086369669e-02
1.201439033464186956e-02
1.594604820284808988e-02
1.919118506962504134e-02
2.050764712601582662e-02
1.621411297185626488e-02
1.046723009241057323e-02
6.979775468296672836e-03
7.022002133157873027e-03
7.535416467062225343e-03
8.338664743219828535e-03
8.349392566404462146e-03
8.358977563773975494e-03
1.055578694493231051e-02
1.252671132288274425e-02
1.273959671306479358e-02
1.195537608701013887e-02
1.012829051856098395e-02
9.373033271281527856e-03
1.033457126400699755e-02
1.209878646267358027e-02
1.239686392117052283e-02
1.293479679809342309e-02
1.268290207279118564e-02
1.310738388839780000e-02
1.408079763435010623e-02
1.299026217278070883e-02
9.915597693209404762e-03
7.872133783043411270e-03
7.317452936469029390e-03
8.017143277956523262e-03
9.000192468869183671e-03
1.019955726598088808e-02
1.150837295102431768e-02
1.413079034475131501e-02
1.809531688016687012e-02
2.334932496169417337e-02
2.435569038660381769e-02
1.951277850730161190e-02
1.006802821305539941e-02
6.269002810147014659e-03
5.185952712097277595e-03
5.636820049273003064e-03
5.811175191524423078e-03
6.155008050081636761e-03
7.053741193136148224e-03
7.283544136866493268e-03
7.787067951599557780e-03
8.761478638687578147e-03
9.227918227266332374e-03
1.010280313326641921e-02
1.166215768821794729e-02
1.374940688258430299e-02
1.560022672060684679e-02
1.741112567381222775e-02
1.673764749456353729e-02
1.365385077496825139e-02
1.287007447016307038e-02
1.094464846477204156e-02
9.435348856144970542e-03
9.492824523618048627e-03
1.077168183584484296e-02
1.287424590986611939e-02
1.615401975680989810e-02
1.820864327499023549e-02
2.266052760525745502e-02
2.771874101992435890e-02
3.287152340321806976e-02
3.402789720166403409e-02
2.683825833371678016e-02
1.695453438172811467e-02
1.260448824685526936e-02
1.222186704068575769e-02
1.314606668882517537e-02
1.407533775318325908e-02
1.493215461695807100e-02
1.831576878596490043e-02
2.249530085493328668e-02
2.611418177678472008e-02
2.908116233454131894e-02
3.446162711852350513e-02
4.589208833599146831e-02
5.940003349733506688e-02
6.806830916032470535e-02
5.632072576298159661e-02
3.452442728256395477e-02
2.095963913562011449e-02
1.599892431244698265e-02
1.445577505710253507e-02
1.432612395653529158e-02
1.631090587452573015e-02
2.007972580088987491e-02
2.469706425911175063e-02
3.087703324567854513e-02
3.654420587078575922e-02
3.894024863512222934e-02
3.599001626838967127e-02
3.482736409238666730e-02
4.206319794329145545e-02
5.356364521917704458e-02
5.468624537086656801e-02
3.865215562133862692e-02
1.863501707885341363e-02
8.783303017564983439e-03
6.311526119342020236e-03
6.322174400250513138e-03
7.178174420868099759e-03
7.180023060600185247e-03
8.388610917657954302e-03
8.777429530741676089e-03
9.282637534598306428e-03
1.060414258101759211e-02
1.241139972843326167e-02
1.265602973494513173e-02
1.381422294453715782e-02
1.681877108974991208e-02
2.177831472881916475e-02
2.621860126291677973e-02
3.132630855199251829e-02
3.660071509252894872e-02
4.442482087107833821e-02
5.228006501494754377e-02
4.865750591220062427e-02
3.074248957543597449e-02
1.287002715445244305e-02
5.977113324962257668e-03
5.256660350855021924e-03
5.651650083668288693e-03
7.317696610991297756e-03
9.153015603865499727e-03
1.122004370463823564e-02
1.256522215994347602e-02
1.380270443635916999e-02
1.521072483643820528e-02
1.996064966808197561e-02
2.585546542387891222e-02
2.736073259536669910e-02
2.643485688769363351e-02
2.044620950886638644e-02
1.497775585747959659e-02
1.346519095257124599e-02
1.197507382598031467e-02
8.760919504237560385e-03
6.142620351947833401e-03
5.671563482218686114e-03
7.481068803043139370e-03
1.069419233413872183e-02
1.221008576088744579e-02
1.226738989777523270e-02
9.163633132711124230e-03
7.100253338241033219e-03
7.004327016014291751e-03
6.946782204386825477e-03
7.007289681917286406e-03
5.485755354024998698e-03
5.793169475927353873e-03
5.808833541291802405e-03
5.787743736456740784e-03
5.578724117064559618e-03
5.160471778698119683e-03
4.110651951896165945e-03
3.691393983522681110e-03
4.152532631602312563e-03
4.741383308053376266e-03
5.492207180592581506e-03
5.248406863593568783e-03
3.734631965050722036e-03
4.177844268002731121e-03
4.720096564188008825e-03
4.978121556824088856e-03
5.447849099954438223e-03
5.055335007260158831e-03
5.012784312192999914e-03
4.148418781931423327e-03
3.143885512145103145e-03
2.662182955723915723e-03
2.667294758955468525e-03
2.488971729615360728e-03
2.453548064803717788e-03
3.303829574727232266e-03
3.190101662589456266e-03
2.754063609239701393e-03
3.435748790481460424e-03
4.287581896858294606e-03
5.133397485574078822e-03
6.165156263445492613e-03
6.157512038575035929e-03
5.673234095843873726e-03
5.800518755065556253e-03
6.479330850690731558e-03
7.311862888972078811e-03
7.542427784468369589e-03
8.138064202083974963e-03
7.644719491419885160e-03
6.905434697615522865e-03
6.710358796456372676e-03
5.612468848159399282e-03
4.695686373368854194e-03
4.563957421810468928e-03
5.524256836501734158e-03
5.915251013737271579e-03
6.472052866930699810e-03
7.255961741504252105e-03
8.529824522997137004e-03
1.083785636693473942e-02
1.357383489626318163e-02
1.404441315644584798e-02
1.202828533286366686e-02
8.797099551771575543e-03
7.817609202311573413e-03
7.741639550652337776e-03
8.540985928627536916e-03
9.560994099817227143e-03
1.075119635401655671e-02
1.294277682181389777e-02
1.747859886597570578e-02
2.300851084686988957e-02
2.617842118330253320e-02
2.247583305834421896e-02
1.522801862745050416e-02
1.068286368669456310e-02
9.455036642766895261e-03
9.307759568965554009e-03
1.110575545460301683e-02
1.219924031748399751e-02
1.635503891088302408e-02
2.419563277049624483e-02
3.208664685829724916e-02
3.815006986823797630e-02
3.453148131380277819e-02
2.443236060448047975e-02
1.575011114139474033e-02
1.526573295761368687e-02
1.742895941435583518e-02
2.043123334290901372e-02
2.659102767888175956e-02
3.474450271064156992e-02
3.780425049463136122e-02
3.335129148627637152e-02
2.624471744082447489e-02
2.267386071561981742e-02
2.532820703814168961e-02
2.651344453494469677e-02
2.712935730751517283e-02
2.604827831364198154e-02
1.852331225197199893e-02
9.565994241929151598e-03
5.764281138681173755e-03
5.339231509896055772e-03
7.141286008755756698e-03
7.004333624922184920e-03
6.752470266643328944e-03
5.987059661177851488e-03
5.444391386071806282e-03
4.602657383917033163e-03
6.372153785882808674e-03
7.788710405071563869e-03
8.007317373775385549e-03
8.216210950447042083e-03
7.256647053482001564e-03
8.905186880244816972e-03
1.185541089781079471e-02
1.335250096458594216e-02
1.207819455871581016e-02
9.773154822449794943e-03
8.464050475005827079e-03
8.919013297158578935e-03
9.981920040228131619e-03
1.170717565227565038e-02
1.461097453054836792e-02
1.895955994767072050e-02
2.363031371945793768e-02
2.545118697058097734e-02
1.933188741514385578e-02
1.191769157230281040e-02
7.801181694676889711e-03
7.671711467441361121e-03
6.483184614512790822e-03
6.254952824460258132e-03
6.390924515572909970e-03
8.153622834644116968e-03
1.045239874061885954e-02
1.135183152232763226e-02
1.376012668158851926e-02
1.806035856483906299e-02
2.444777573604957344e-02
3.233690699214138153e-02
3.773529957409298141e-02
3.641516362026238351e-02
2.549946681453471586e-02
1.825791653787431357e-02
1.223374182337609584e-02
6.090142192333294902e-03
3.680685624960947089e-03
4.816143360187180589e-03
6.127230143913364735e-03
7.573232073043265067e-03
9.601698104334907558e-03
1.264209809967420384e-02
1.451171435442602520e-02
1.780186127250936445e-02
2.118280354026109980e-02
2.867837757638767859e-02
3.990897732830518685e-02
5.166248481288528149e-02
5.704918249245817530e-02
4.837948145775698705e-02
2.685374465577752834e-02
1.063525363803649593e-02
6.385455348577859236e-03
5.822932502680663869e-03
5.847265093917655698e-03
5.739709003186696523e-03
6.776991152295117060e-03
8.892073357955054824e-03
1.009711224365467119e-02
1.217590232968028541e-02
1.072338855683349634e-02
6.789631237399201824e-03
4.650748118535330544e-03
4.700349702065856339e-03
5.710163300669882092e-03
7.728126352533712384e-03
1.255006034471616017e-02
1.794699032833728392e-02
2.176431995277476605e-02
2.885631880848850417e-02
3.498534158035536412e-02
4.214794428096875489e-02
5.044383444938112249e-02
6.078629313718934835e-02
7.600995359067171109e-02
9.597049216339238742e-02
1.135386488485294471e-01
1.270488361590722537e-01
1.253683323927402005e-01
8.398505129632170829e-02
3.451094125351240882e-02
1.475122747799639811e-02
1.370285960117836876e-02
1.327676075565020763e-02
1.228076326200397417e-02
1.376235893825381029e-02
1.910309139655658184e-02
2.471867707011175808e-02
3.093346237405648902e-02
3.252307610714670616e-02
2.259526510642230479e-02
1.086376946766770546e-02
6.878421047000884969e-03
7.480848541655329975e-03
9.435837916127468028e-03
1.118448004831554266e-02
1.465664507187518228e-02
1.680135749771349829e-02
1.917208386262797548e-02
2.413896627462430722e-02
3.300621917205708022e-02
4.575747516950677551e-02
6.003871492894304052e-02
6.966041025353296445e-02
5.844798679908579098e-02
3.202139371398209089e-02
1.720727378428850429e-02
1.722162393610128517e-02
2.252477780226595783e-02
3.112541741194967126e-02
3.990851736652774318e-02
4.737379619212624127e-02
5.457235536833347778e-02
6.525011719661448495e-02
8.880719260341600474e-02
1.260532778714633650e-01
1.674793944402300783e-01
1.990618125050280796e-01
1.821312164037630077e-01
1.034704166811045295e-01
4.139567867382824840e-02
2.826582905324341588e-02
3.102506463452030239e-02
3.577142365970230331e-02
4.204619942345504124e-02
5.170384671255580378e-02
6.721670084900084607e-02
8.336763139552701152e-02
9.719141270633059604e-02
9.618580526205890158e-02
9.284209719657864068e-02
7.796441036707695005e-02
4.593934027431002820e-02
1.796009805694580297e-02
8.870566266000981526e-03
9.224495463890036717e-03
9.858661996065873345e-03
1.218736027369055064e-02
1.452117541080616414e-02
1.424647336172703282e-02
1.065616980193451191e-02
5.838653921428668681e-03
3.785390698299195833e-03
5.241441697387938525e-03
8.011992449254476401e-03
1.128457495009260736e-02
1.590788058433892371e-02
2.086078195480917108e-02
2.487577499754904664e-02
2.781548151889826070e-02
3.581634584411742817e-02
4.637270521117005384e-02
6.654018405798738101e-02
8.668393997364103043e-02
1.022675441100140276e-01
8.907634989862718566e-02
4.943263347375727312e-02
2.056306225243510755e-02
1.315923454111336821e-02
1.338017796621283895e-02
1.632034559417035180e-02
2.199303126709489797e-02
2.770902336804133281e-02
3.170483022440724608e-02
3.545810429465499902e-02
3.949262213841710223e-02
4.353302322564338300e-02
5.536334188885476404e-02
7.555350290164099258e-02
1.029467044315872798e-01
1.339206004043342890e-01
1.516246411169995256e-01
1.263422226584815511e-01
8.453529227739821350e-02
7.168689231289775143e-02
8.419620431776288216e-02
9.692412714548541419e-02
1.060934851402568074e-01
1.082197082295946605e-01
9.305166104785338177e-02
7.589031231178548775e-02
7.465498180959538599e-02
6.688362765044529590e-02
4.215002613451258873e-02
2.620033689203235538e-02
2.580117802633151436e-02
3.109124628589284012e-02
3.606092056207653440e-02
3.950467921122573223e-02
4.790574134281296026e-02
6.206858854607864850e-02
8.491873702445477956e-02
1.125619697256703827e-01
1.319548456380790769e-01
1.085955146545704714e-01
5.913974568101799945e-02
2.434973382112093354e-02
2.148216204548929198e-02
2.410211385018737329e-02
2.603965197609255100e-02
2.807774703237127245e-02
3.300285119869637851e-02
3.801550630232421180e-02
4.800082367692111440e-02
5.973584999014451558e-02
6.660828089969238197e-02
5.583011832734781354e-02
3.233483999421472854e-02
2.084577580058520618e-02
2.098998694352760541e-02
2.274909337892422334e-02
2.630655442698572044e-02
3.129961748102592922e-02
3.947687250604366149e-02
5.130981734605717659e-02
5.745935224871197289e-02
5.200633024391961012e-02
3.729987490364845837e-02
2.683316513064382125e-02
1.732377830354080162e-02
9.928808231674746132e-03
9.769083392377558850e-03
1.228799736076127691e-02
1.633828771297309024e-02
2.119457372594753253e-02
2.832642541964670857e-02
3.591393825285109365e-02
3.971367221907402822e-02
4.082578428061318931e-02
4.556230502418347206e-02
5.472218927294571211e-02
6.424793457890910775e-02
7.747610235292630432e-02
8.596331123071891678e-02
8.238917783798542505e-02
5.956486570055073704e-02
3.127604592309000953e-02
1.611537643099170136e-02
1.344419953664444112e-02
1.708728508055097628e-02
2.228185766120174827e-02
2.954802080909400830e-02
3.878215111582754282e-02
4.375214850644597309e-02
4.101937363027823025e-02
3.478342989249126604e-02
3.533068556441441854e-02
4.423468703195095053e-02
5.543369069638316715e-02
6.686842354026421853e-02
7.827747218170928722e-02
8.394980111789705768e-02
8.546066575024859058e-02
8.380221554248488969e-02
7.532159655776803076e-02
5.870256813845485533e-02
4.812190789096114363e-02
5.196951650015664559e-02
6.341585969619926988e-02
8.093721684881281797e-02
1.025447271414332145e-01
1.158195014752604196e-01
1.091259944015035149e-01
8.571074066913252076e-02
7.730730507329523771e-02
9.009180469532458713e-02
9.819249102539233387e-02
7.875262758142319297e-02
4.438010081695085984e-02
2.161635982985674054e-02
1.561775984930066641e-02
1.800694594387411418e-02
2.218063930719051113e-02
2.686479067974759105e-02
3.490784693519173587e-02
4.437471873870300898e-02
5.379356896313212955e-02
6.808111074250079719e-02
7.476324145585390435e-02
6.695261438560738687e-02
6.113185722908766329e-02
6.975246174812736732e-02
9.081235349252493594e-02
1.209600271936309007e-01
1.584099035224990626e-01
1.951904201959198670e-01
2.041769624234306968e-01
1.818275989676148008e-01
1.483520124944555096e-01
1.339162552164578357e-01
1.249209688525648038e-01
1.208740207983410447e-01
1.063790486287910925e-01
6.880444211370599639e-02
3.235706815929283164e-02
2.022438365132160631e-02
1.802816816920634058e-02
1.933444064212612445e-02
2.342446226252796471e-02
2.894050523679526921e-02
3.037669562913282439e-02
3.062221163008312097e-02
3.658807384507127558e-02
4.399628194042935758e-02
4.767151078620977811e-02
5.457525467393929686e-02
6.402161231383109163e-02
7.866049862217065758e-02
9.573958062059491347e-02
1.239435750819750243e-01
1.661042778550482768e-01
2.190839229517816400e-01
2.509284274937301218e-01
2.176533335707038774e-01
1.417001004762172278e-01
8.780650468950561283e-02
6.737956052083295122e-02
5.640121474007776803e-02
5.318889330774388691e-02
5.464639410394230012e-02
5.442065715711701113e-02
5.461521733494546782e-02
6.731615219136068140e-02
8.676512774177218279e-02
1.116669392342979211e-01
1.408388494728259333e-01
1.607089023874235800e-01
1.334661728702791761e-01
7.257055331307289692e-02
2.547275579028905612e-02
1.602466136433680632e-02
1.769094921437683321e-02
2.109322468250386662e-02
2.713421438527507945e-02
3.607370959350696127e-02
4.555560138281240790e-02
4.405359061517603869e-02
2.716617547142498312e-02
1.071100427693713608e-02
6.347840331172693862e-03
6.780707598265170444e-03
7.904590195713850909e-03
9.987672104255981842e-03
1.364719158746238725e-02
1.854321517801833796e-02
2.136646707267696177e-02
2.019217303220259552e-02
1.485102273102185955e-02
1.310562030062478733e-02
1.444387336365203500e-02
1.780460580218898303e-02
2.318891492230634732e-02
3.003831168440652954e-02
3.718096571608943413e-02
4.302238661678491061e-02
4.593569805306983722e-02
4.761863467238576508e-02
3.822923498193044056e-02
2.180075999981630208e-02
1.495006954223879192e-02
1.765410937376329925e-02
2.292422182262353336e-02
2.900943327864020926e-02
3.294438302906578520e-02
3.491163050276833990e-02
3.477699231320736939e-02
3.334758474790332217e-02
2.413559576377430349e-02
1.172701833050032727e-02
6.867561808448024996e-03
4.752384412899046673e-03
2.620789032971165833e-03
1.156170868124167805e-03
1.462517086703557512e-03
1.844977359536620343e-03
2.826337843604850852e-03
3.665664468177370905e-03
3.525277089346967596e-03
2.057977785495310186e-03
1.915108699099069001e-03
2.660370001297360232e-03
3.213503111916357624e-03
5.671009413391506215e-03
5.688085175074034106e-03
4.206402391347896508e-03
2.989837897470468131e-03
2.516353622803793599e-03
3.008078945780451319e-03
4.564378767390311897e-03
4.630026715917320845e-03
3.956664113838007091e-03
3.560375879682317612e-03
3.535074131731999469e-03
4.121031943973646472e-03
6.123849100692996261e-03
8.415821941009288265e-03
1.249076491945526335e-02
1.684750429324567700e-02
2.242613459560482969e-02
2.540061721752356894e-02
1.994729982796666912e-02
1.240500923589792082e-02
8.618049980871220206e-03
8.095812914435923657e-03
1.081067316034582670e-02
1.217519948972614618e-02
1.243288280844734306e-02
8.268493273255364540e-03
2.793661291163096472e-03
-3.970845755076196637e-04
-9.737538707583620612e-04
-8.507605417845398588e-04
-7.512304715096146390e-04
-7.499612042335263018e-04
-9.267231259357106010e-04
-5.467023317524133397e-04
-4.261779216007122173e-04
-1.679914170343854707e-04
5.609846637232573929e-04
1.437652800804212205e-04
1.047246910792498653e-04
3.017798589492748373e-04
1.201104216696557980e-03
1.847546282415138408e-03
3.150796305075573289e-03
4.053485842813772666e-03
6.124576169614037724e-03
5.134512435151963872e-03
3.107872958332619229e-03
2.382215046178789986e-03
3.480721144078241513e-03
5.777127082481944842e-03
6.940780514324174089e-03
7.419742604145060372e-03
4.281653446745165015e-03
2.466117108870749530e-03
2.282684368088441773e-03
2.101403894304798570e-03
2.641134395972646876e-03
1.771968346442095998e-03
7.320008933820454367e-04
9.774424848117552189e-04
3.269211744266753428e-05
-5.418849550209575705e-04
-2.259698360703443765e-04
1.782696344501677466e-05
1.103519339808928246e-03
2.225813272473842197e-03
2.055658534246745939e-03
1.418746592197608902e-03
6.778289897597100655e-04
6.934550724993493453e-06
-1.361182274314948204e-04
-2.158312780856236346e-04
6.329619367801825325e-04
1.211541321052528319e-03
2.342834836278007149e-03
2.362682042787916936e-03
2.409313026797102464e-03
2.210124408444799626e-03
3.037228662747776253e-03
4.399373274010506818e-03
3.601187804355782118e-03
1.687117353300987554e-03
-2.506136662076274835e-04
-2.837947635783016898e-04
-3.110683177723339021e-06
-7.516591276492123885e-05
6.392742058754091738e-04
1.683168934971723818e-03
2.833281976200474617e-03
3.932711653648793271e-03
4.947380750672622507e-03
4.556979518738873969e-03
4.146639870576479536e-03
3.145549023266136501e-03
1.550112166575606798e-03
8.859127365089813910e-04
8.319964923885619923e-04
-4.860930664194046402e-04
-1.638009669533160850e-03
-2.582597616292495180e-03
-2.591500916675121280e-03
-2.492781759613080239e-03
-2.842367761673278426e-03
-2.314431910710901263e-03
-2.416876125218139770e-03
-2.438677219048432376e-03
-2.081414642846390883e-03
-1.873320548435947197e-03
-1.985828924002466800e-03
-1.677627454697142029e-03
-1.601454918159883611e-03
-1.938328126871280421e-03
-2.153383901075361928e-03
-2.038748686690877721e-03
-2.036780115607580988e-03
-1.885495764938779906e-03
-1.270026788723122024e-03
-1.219283455743735978e-03
-1.515189682188458620e-03
-1.550865099945883396e-03
-1.628193068592923010e-03
-1.483667352145640050e-03
-1.456903501698414427e-03
-1.228310335699131506e-03
-1.689280167209747385e-03
-1.716776668439612408e-03
-2.357238025384095215e-03
-2.540428489376522769e-03
-2.602316314682009968e-03
-2.468396511936740700e-03
-2.430920357223503858e-03
-2.306930788706362812e-03
-1.911165963315461513e-03
-1.795602592339587411e-03
-1.410103739740903306e-03
-8.935428233690922983e-04
-1.646225127663825116e-03
-1.477668049481434265e-03
-7.979850117178916014e-04
3.124749037786839212e-04
1.600447203175051070e-03
2.033856195241545706e-03
2.183890945121641503e-03
1.757746093860951264e-03
1.584388286177601524e-03
1.216935873378607869e-03
1.081279478192753718e-03
7.752846296111420843e-04
2.204145456174477768e-03
3.872273476247800605e-03
4.917532448989000993e-03
4.225027395456465440e-03
2.006602874658383606e-03
1.121597866854090464e-03
9.517614658034606601e-04
1.095057153453635190e-03
9.759591739333384197e-05
-1.824859340339435310e-03
-3.038502189598710213e-03
-3.134334301791913413e-03
-3.295673344735502996e-03
-3.320292460808782486e-03
-3.378838309218354374e-03
-3.262772994324383835e-03
-3.180076805964299203e-03
-2.610524362936475495e-03
-2.793818321312577235e-03
-2.953452077516752206e-03
-3.105956003247464792e-03
-3.472717751528409114e-03
-3.746088707906519710e-03
-3.800049387897797004e-03
-2.950768649066182192e-03
-2.326505755068569714e-03
-2.287547539917847428e-03
-2.994876794742196147e-03
-3.799807668577834252e-03
-5.058149903834172068e-03
-5.101230966828684821e-03
-5.102581804335828974e-03
-5.032031499445047129e-03
-5.111734713014903786e-03
-5.276000460763943800e-03
-5.058500460611986549e-03
-5.071918275374703855e-03
-5.071218885250985964e-03
-5.174915308576263917e-03
-5.294981760646771951e-03
-5.151037114284523488e-03
-5.171914151987908048e-03
-5.182335501815307777e-03
-5.170053444903233153e-03
-5.161997187743516680e-03
-5.261311518935218867e-03
-5.123448868695826275e-03
-5.138375555283167251e-03
-5.125547001342378728e-03
-5.234090466982754819e-03
-5.251873298112441635e-03
-5.169208392852106537e-03
-5.115545370690324778e-03
-5.201100820800011459e-03
-5.202161124655477198e-03
-5.141270305629705439e-03
-5.075730029986541547e-03
-5.278809476895532371e-03
-5.234270625130002519e-03
-5.230393155157317397e-03
-5.171784564841394594e-03
-5.254757512640886863e-03
-5.140499598914730073e-03
-5.063893943837091682e-03
-5.139787577025434206e-03
-5.193683624328468418e-03
-5.194873217871778803e-03
-5.244781434983344925e-03
-5.157546673331500631e-03
-5.195784315457335767e-03
-5.202344270112263525e-03
-5.205054315155208111e-03
-5.213957529063992236e-03
-5.297951854167384789e-03
-5.195010622215515128e-03
-5.320321380535592004e-03
-5.232475351750323633e-03
-5.176766845044977750e-03
-5.068847395222661478e-03
-5.148996407227615646e-03
-5.122748797351917016e-03
-5.111146728614693324e-03
-5.080207237239925400e-03
-5.286312243189136839e-03
-5.197939946253782306e-03
-5.320627559447704824e-03
-5.184645741685020570e-03
-5.218641362566167619e-03
-5.254827813974599637e-03
-5.268366396775955862e-03
-5.196212135731737014e-03
-5.235880639070253362e-03
-5.164652701445573979e-03
-5.253470009103325400e-03
-5.186507527989478450e-03
-5.335859000491632864e-03
-5.137578465356645863e-03
-5.278473853193507703e-03
-5.296271368827876191e-03
-5.230320625171702709e-03
-5.291331157830495013e-03
-5.257735572062993690e-03
-5.250131198398191867e-03
-5.217259743454605303e-03
-5.219041964247966847e-03
-5.174095400261466415e-03
-5.145791664957211076e-03
-5.295009051120416754e-03
-5.163144930310267777e-03
-5.335080890301560630e-03
-5.185892813811321389e-03
-5.212380157158427729e-03
-5.341933590404218668e-03
-5.294791013494948295e-03
-5.149550177048795030e-03
-5.171272508102384147e-03
-5.204650119638151717e-03
-5.225121761844697676e-03
-5.238078957140068770e-03
-5.242574040552297476e-03
-5.319124116535026148e-03
-5.242005613743314085e-03
-5.161189401738722204e-03
-5.188146622947795161e-03
-5.188081104234923413e-03
-5.139990389322154907e-03
-5.108700056450574123e-03
-5.267029546466489576e-03
-5.244470706875073440e-03
-5.195529307222265802e-03
-5.207285391602853308e-03
-5.154995356073416302e-03
-5.234663363333252883e-03
-5.273935317882130769e-03
-5.163242244049806584e-03
-5.355151448846406925e-03
-5.311245783396256748e-03
-5.227893975561725970e-03
-5.143392716489531002e-03
-5.196943321745278732e-03
-5.199257218804473335e-03
-5.239787826383152103e-03
-5.166797017774352185e-03
-5.120810906382625149e-03
-5.194249070772608001e-03
-5.271633632031896832e-03
-5.263196897974373178e-03
-5.184460325991985252e-03
-5.152850202559414172e-03
-5.268630370389285056e-03
-5.282962849084735235e-03
-5.194152648137953521e-03
-5.258584425578999300e-03
-5.172387583781301590e-03
-5.187115726150826056e-03
-5.293090273198297613e-03
-5.169314203775782213e-03
-5.229716860632463438e-03
-5.275264893420034129e-03
-5.233865963690534362e-03
-5.208233429309760965e-03
-5.142634082763608561e-03
-5.155126987186661736e-03
-5.279758962441941095e-03
-5.164730855211380200e-03
-5.222656875843750823e-03
-5.267230989914564732e-03
-5.357899124887932629e-03
-5.234517499908844518e-03
-5.202307119737722974e-03
-5.166826784834002706e-03
-5.158607118951663573e-03
-5.163287152857798379e-03
-5.096227979563203170e-03
-5.192058448771227908e-03
-5.119486264546876941e-03
-5.266330374692859695e-03
-5.167741528564293030e-03
-5.198130313468773966e-03
-5.265021911676104338e-03
-5.191937510326219418e-03
-5.221669823946992195e-03
-5.063649907680461970e-03
-5.080001984315851704e-03
-5.208304764686880195e-03
-5.331926719845878071e-03
-5.188497622931845243e-03
-5.167895729734639509e-03
-5.234399008231346850e-03
-5.300404705771699643e-03
-5.356176042285512584e-03
-5.267133640984439369e-03
-5.159554663065599178e-03
-5.143296870317462521e-03
