1293.702000
1293.922000
1263.719000
1217.206000
935.904400
850.235000
988.050000
1658.869000
3950.874000
7060.970000
8565.123000
7927.273000
5200.432000
3159.937000
1851.354000
1081.705000
601.687900
474.919900
361.353100
304.208700
209.246300
193.920500
159.598900
303.207200
605.822200
973.586100
1169.076000
1178.314000
974.532400
685.850500
627.680400
695.065100
1096.337000
2966.009000
5086.383000
6368.192000
6803.575000
6237.253000
5435.799000
4312.662000
2955.662000
1912.775000
1391.031000
1074.311000
968.085600
1176.266000
3412.620000
8417.271000
11800.390000
12543.960000
9321.643000
6029.171000
3785.360000
2347.437000
1383.358000
979.392200
626.366900
425.379100
371.822700
349.976900
526.418500
1622.340000
3057.958000
3960.266000
3730.589000
2624.708000
1676.778000
1160.598000
728.450700
466.005900
361.439100
266.110700
241.202200
279.296100
325.599200
382.548600
846.079800
1442.532000
1760.026000
1723.471000
1251.584000
847.271500
668.031600
522.835800
565.772000
621.042500
679.579300
1493.457000
3779.936000
5564.775000
6284.907000
5639.874000
4457.702000
3538.557000
2667.060000
1786.895000
1180.462000
925.276100
774.686100
621.758300
427.404100
299.847500
246.524900
190.943600
198.700500
177.131900
195.255800
375.784800
496.825800
494.520600
522.933600
483.396100
335.888400
284.776500
251.963100
268.666000
286.479100
455.969000
980.017400
1762.110000
2178.116000
2200.237000
1674.884000
1161.258000
873.626000
608.377700
399.363900
298.809600
245.174900
231.217600
219.626700
170.660500
130.594500
172.454700
328.164800
521.979600
747.398600
1063.039000
1341.801000
1383.347000
1157.096000
835.638100
574.106700
408.962300
337.754800
308.339700
253.154000
178.768700
179.296800
220.998600
276.906500
320.980800
366.989400
578.080600
800.635500
895.675100
734.127000
565.992500
490.037600
385.701300
289.325900
309.508900
293.506500
298.975600
364.960600
419.929400
412.162900
325.887600
294.469500
308.956100
308.768800
316.739000
265.433600
233.258900
252.759300
256.837900
307.412200
316.689300
310.457700
296.524800
255.498600
302.548200
461.921700
639.970100
757.997400
803.202800
794.770900
743.200400
719.573500
779.867900
914.095900
997.364700
914.331900
668.005900
551.213100
464.762400
396.293400
426.419700
598.818200
833.551000
962.654100
920.193100
706.004800
507.997600
404.433900
322.888100
302.923700
286.236500
275.165100
349.961900
527.572400
640.017600
661.465700
600.325100
465.300500
366.179000
347.848900
292.207600
271.751700
266.982500
259.901100
297.677000
369.049100
420.083200
430.667000
367.565200
317.902600
280.572300
268.126900
249.299800
225.576800
224.818500
225.510300
232.019700
249.647300
271.222200
272.119600
282.749400
300.749600
273.990200
235.320100
229.937800
250.705300
224.880600
230.826900
231.406900
209.434400
200.962600
211.353200
195.992900
186.079700
202.467500
192.348000
187.624700
182.241000
217.734700
224.424900
232.910900
254.336300
250.231100
240.830200
239.841200
236.117500
233.935900
214.049300
211.198900
231.667800
237.400400
233.045200
215.892600
204.567000
216.835600
220.419300
237.133000
255.722100
242.560100
251.342800
254.122100
257.189600
272.473100
285.273400
282.052300
295.210700
329.486900
329.047900
320.740900
261.057600
250.811800
264.825700
278.805800
336.898000
373.657100
395.938700
472.830700
529.955100
587.721400
599.654200
516.304600
428.138800
372.712700
368.080400
350.479900
328.195000
316.431900
276.730100
266.529000
273.817000
283.254600
444.064000
725.921400
896.274400
924.203500
823.589700
725.203200
672.621800
596.226200
508.053600
463.498900
411.645300
397.344000
400.234000
387.053100
369.005000
353.058700
365.539400
372.381100
347.316000
382.096100
372.259600
378.049300
437.683300
633.665300
849.602500
990.112900
950.358200
778.997300
711.350300
730.508200
744.383700
721.529200
647.214400
584.638400
540.843600
503.950600
483.232900
498.173500
509.272400
556.155800
734.804400
976.243600
1130.558000
1093.986000
893.104300
773.792500
712.433400
656.064900
622.412700
583.080200
545.863800
531.801000
511.765000
526.811700
509.977100
510.759100
627.319000
726.790300
773.616500
758.347700
676.499400
603.253800
566.240700
552.158900
530.417200
506.187000
496.309200
505.233300
513.839100
517.627100
553.472100
569.941800
592.498000
574.303400
529.994100
529.306200
527.846000
499.992100
509.818300
505.565900
495.219500
497.632800
494.489700
499.131600
487.720000
459.587200
490.108800
514.695200
613.846400
665.564900
679.227200
651.313800
594.288400
544.153600
541.933200
547.304300
531.062900
535.037500
531.312600
541.786700
571.594100
585.283200
603.115600
584.277600
560.903900
588.700700
593.947500
575.260100
564.158100
560.098900
573.813200
584.681200
583.278700
574.362800
565.741000
541.386600
526.978600
528.008700
524.647700
511.966200
531.810000
541.136800
606.997900
638.152100
655.937400
622.701000
586.561200
578.045300
588.089600
602.604900
630.688200
677.084100
695.967300
714.774700
717.197400
659.867100
604.691800
588.856100
586.665500
626.766900
714.862900
843.155400
1005.126000
1044.552000
992.264500
869.767200
755.314500
707.913900
660.191300
731.542100
985.415800
1213.693000
1283.537000
1126.674000
928.684500
860.349200
873.963700
935.929000
932.703400
856.260200
771.504200
706.422100
670.047900
646.590900
618.055400
577.419600
558.283000
516.374200
500.128100
501.389900
487.424000
500.311100
528.956900
529.566400
512.599200
494.066700
482.933900
519.271000
549.849700
546.547400
541.141800
529.525900
543.436300
555.982700
537.718000
550.513400
539.844400
544.360400
563.454900
561.780200
582.472000
634.070300
851.055800
1335.839000
1674.555000
1860.251000
1689.574000
1555.193000
1481.242000
1426.324000
1310.366000
1167.505000
1127.150000
1118.468000
1089.249000
1036.179000
910.457900
789.787100
743.488600
709.331400
671.489200
662.343900
657.250500
656.210000
664.917500
658.485000
678.760400
726.257900
803.244700
866.988500
886.301400
913.221600
946.852200
988.765000
986.228200
985.812400
929.368300
828.998500
796.308200
773.955100
719.875000
679.677000
662.496500
714.322300
753.453400
762.673100
774.322900
754.849900
745.363800
760.479300
739.115600
715.518300
772.338100
926.887300
1083.525000
1139.008000
1075.077000
948.984600
859.224200
813.224400
790.269800
776.700300
759.536300
743.590100
708.867900
723.186300
744.618700
752.346100
801.308200
860.606900
882.413600
876.110500
836.761900
800.892600
755.664400
738.299100
738.991500
740.913000
749.718200
764.027800
766.339800
774.997900
769.407000
757.768200
751.883300
755.458300
772.957500
754.706100
754.050400
765.272900
763.289900
760.244800
753.106700
754.771200
765.415900
773.728800
767.520000
785.701000
838.257300
881.304100
903.265900
908.927400
923.486600
933.155100
908.574200
884.652300
870.755300
846.158200
821.880400
796.178600
803.722600
798.631000
798.525600
793.558100
776.635400
752.369100
748.279500
766.835900
756.237900
738.787800
730.065200
733.680000
728.067600
729.517900
767.452500
794.595100
788.094500
767.129300
757.709300
813.016500
851.352700
884.617700
872.192700
820.968100
790.782200
786.049300
770.261900
751.786900
743.255900
770.376500
903.073400
1096.697000
1235.063000
1253.592000
1131.846000
983.021700
895.062500
829.111300
801.022600
785.712700
765.380500
737.005700
702.726600
678.981000
651.797400
629.485000
661.955000
647.688400
638.221700
685.526100
675.318200
691.058900
694.358000
682.738500
698.009000
736.765300
739.077600
726.330900
707.061500
700.709700
678.039300
685.132800
683.041500
661.952100
657.674900
646.443700
643.674600
632.843400
613.035700
608.421200
610.603800
610.883000
623.252700
637.282300
652.865600
676.515600
694.681400
703.031400
702.264200
691.612900
673.242600
679.089400
686.949300
664.833100
656.588900
665.580600
666.988400
676.253600
668.373400
676.077500
676.665800
693.877200
687.884600
681.919500
698.282500
720.374500
712.821700
728.277800
740.736900
747.814400
756.192500
750.400900
737.601900
710.693400
684.243300
682.349400
692.078600
679.275800
687.760200
699.409000
712.186100
739.628900
779.356400
798.753000
809.786300
790.073400
762.186400
772.471400
787.731200
823.566200
852.723400
836.462800
827.982400
934.414100
1232.798000
1566.486000
1746.507000
1687.630000
1462.641000
1256.936000
1069.206000
977.732100
931.407600
915.979000
871.687400
804.784200
757.034700
750.436000
740.136500
732.144600
749.645900
754.622600
738.829600
749.486600
738.399300
724.213800
715.389500
728.799700
733.289000
741.053000
823.425300
1061.474000
1300.901000
1488.099000
1435.986000
1289.758000
1129.192000
1021.814000
985.358900
952.744900
883.689400
822.180200
777.803900
756.657400
734.914900
726.533800
749.030600
739.429900
734.409200
744.170700
732.761400
740.460900
750.614000
743.744600
734.428700
745.380000
776.225300
772.692100
752.851000
752.691300
761.405800
758.914600
762.159700
745.586100
727.692700
732.775300
738.246600
750.243000
756.520400
749.993300
747.434400
746.965800
771.666000
918.288100
1120.512000
1330.339000
1382.200000
1238.711000
1116.856000
1011.086000
948.496200
926.929300
890.694800
853.733900
770.884900
737.392700
724.907600
717.613300
718.550500
714.886500
716.949300
705.526100
713.830700
707.142800
704.419400
701.014200
735.016400
820.332000
916.357400
1006.095000
1034.429000
1016.141000
1015.720000
1078.549000
1221.110000
1352.234000
3833.078000
12644.410000
25027.940000
34638.430000
35770.130000
28331.940000
19508.470000
12803.030000
9223.221000
7369.157000
5376.236000
3405.564000
1810.497000
982.196500
835.506000
792.416000
759.440600
721.333900
701.939900
685.838700
675.694900
658.491500
665.308500
695.127300
831.123000
1066.895000
1274.532000
1339.019000
1183.990000
1030.530000
924.373800
857.789200
844.633000
878.802600
871.847900
894.443800
1229.584000
3985.348000
9486.604000
15292.580000
18476.020000
16486.320000
11968.280000
7943.769000
5423.634000
4163.023000
3204.902000
2284.075000
1401.631000
890.045200
727.610700
702.542500
703.196300
728.354700
759.072400
759.684000
725.514600
698.117700
712.880900
724.293400
750.894000
767.224800
768.114800
765.848800
750.239300
1094.365000
2375.397000
4312.058000
5884.656000
6165.114000
5071.981000
3669.626000
2673.492000
2091.832000
1765.984000
1430.302000
1091.387000
832.976200
721.728500
687.286900
650.011400
618.305300
609.145800
576.779700
525.071400
511.550300
521.219000
563.042300
660.978700
768.375200
856.470200
833.113100
739.832500
685.779200
624.161900
603.239100
582.440600
578.793300
568.967900
539.107500
511.368000
502.860500
522.751600
513.147000
523.994300
560.136900
601.930000
634.625500
703.712600
867.225000
1705.193000
5962.687000
12244.650000
17855.540000
19417.840000
15935.120000
10937.010000
7161.555000
5021.843000
3711.778000
2678.235000
1711.735000
1013.651000
755.665300
689.125300
734.099700
859.830300
995.317800
1080.157000
1052.137000
963.436800
846.600300
807.715000
829.979600
824.741600
793.475800
745.747500
704.702600
713.891900
760.434900
907.606100
1124.041000
1273.493000
1306.513000
1233.249000
1142.428000
1313.603000
1834.867000
2532.752000
2947.218000
6005.636000
17135.930000
32910.320000
45169.860000
46575.930000
36079.020000
23865.380000
15262.880000
10328.960000
7473.009000
5001.679000
2916.914000
1521.720000
1137.892000
1005.668000
939.322900
915.521900
930.662700
954.785600
1020.845000
1124.288000
1252.550000
1310.551000
1238.028000
1096.762000
1007.792000
967.830300
939.438400
952.818200
919.084400
905.908000
965.024500
1044.485000
1221.265000
1377.990000
1534.643000
1654.940000
1775.688000
1987.149000
2351.033000
2829.605000
3478.396000
4747.818000
18681.600000
68837.660000
136633.400000
187523.000000
197770.200000
179441.700000
161210.700000
148560.700000
126633.800000
91252.990000
58022.700000
33805.900000
20760.210000
13616.470000
8531.293000
4472.082000
2494.638000
1781.455000
1492.392000
1357.668000
1261.101000
1220.936000
1162.977000
1156.448000
1130.864000
1094.642000
1058.139000
1023.528000
1019.711000
1045.389000
1041.105000
1021.175000
1031.288000
1026.101000
983.603800
977.110000
999.958400
968.856900
1025.532000
1058.101000
1112.115000
1272.354000
1476.879000
1763.522000
2261.410000
2972.713000
3972.771000
18594.270000
72261.780000
147039.900000
206286.300000
211152.900000
161462.600000
103560.100000
62897.710000
39852.910000
26671.850000
16322.190000
8022.717000
3687.271000
2046.755000
1444.335000
1188.280000
1047.769000
956.063800
888.452800
855.889800
870.743200
869.045700
899.143100
998.279100
1096.172000
1255.884000
1380.479000
1501.724000
1760.395000
2027.592000
2454.153000
2842.933000
14095.700000
46776.520000
87451.120000
117379.300000
114226.100000
82499.720000
51525.200000
31264.940000
19795.440000
13337.080000
8024.865000
4142.148000
2190.920000
1363.384000
1079.923000
987.845500
897.193300
853.556900
838.147300
835.240000
827.471500
814.619300
775.270800
758.790200
740.422100
738.260100
732.554600
736.618800
798.093300
814.070000
820.081500
806.656800
725.516500
705.005200
743.355000
807.253200
866.759000
891.660500
952.059100
1008.794000
1069.950000
1064.096000
996.393700
985.659300
974.768100
962.486700
981.925400
987.192800
938.702600
909.716600
902.423700
894.713000
922.693800
994.093100
1019.089000
1014.508000
979.776400
923.184500
894.493500
870.520400
915.483900
1026.177000
1148.915000
1243.218000
1221.002000
1090.426000
957.781500
878.747400
837.511400
840.425400
893.242400
950.860600
950.559400
929.860800
966.498000
1001.041000
1090.505000
1238.313000
1461.442000
1554.149000
4129.289000
18205.800000
42245.360000
63663.200000
69106.270000
54212.600000
34325.260000
20458.720000
12126.750000
7860.929000
5068.035000
3025.593000
1945.841000
1421.786000
1236.129000
1291.523000
1378.205000
1566.393000
1958.920000
2645.005000
2691.320000
13504.740000
49559.540000
98763.230000
142201.300000
167661.200000
169787.600000
163266.100000
142205.000000
100768.300000
62794.340000
37055.200000
21285.090000
13065.550000
7840.348000
4589.836000
2778.057000
1811.467000
1483.603000
1406.894000
1386.746000
1378.551000
1302.637000
1197.485000
1107.428000
1025.572000
1023.142000
1043.368000
1065.153000
1136.008000
1240.019000
1440.429000
1707.846000
2127.972000
2721.281000
3309.884000
10621.870000
46908.770000
95760.520000
132306.300000
139249.400000
149721.600000
184507.500000
217598.400000
214797.400000
161803.200000
101020.500000
57331.500000
32289.720000
19999.930000
12460.590000
7460.362000
4241.595000
2493.202000
1686.458000
1388.779000
1212.344000
1097.337000
1034.874000
986.812500
942.079000
913.667500
880.045200
881.862500
889.709100
912.161200
912.993400
961.443200
957.729900
984.427600
994.526000
1018.737000
1097.525000
1101.955000
1138.786000
1142.391000
1129.096000
1133.758000
1079.334000
1091.681000
1102.718000
1007.940000
1012.283000
1031.609000
1064.589000
1156.587000
1241.672000
1383.364000
1589.544000
1878.022000
2208.681000
2764.553000
3596.459000
5098.585000
28769.470000
107187.900000
187106.800000
231196.400000
206711.500000
138055.900000
81559.450000
43847.580000
25384.960000
15666.480000
10385.500000
6021.083000
3249.809000
2128.480000
1647.503000
1467.740000
1448.630000
1414.822000
1361.028000
1329.149000
1369.986000
1321.864000
1230.743000
1162.691000
1087.529000
1007.139000
983.217300
944.805400
908.084200
909.774500
891.403000
848.059600
865.046500
879.942300
880.784400
926.519600
977.916900
1031.173000
1028.292000
988.133100
1006.249000
1056.837000
1131.386000
1230.587000
1378.520000
1625.013000
1913.722000
2275.173000
2826.341000
3777.564000
4792.653000
11450.850000
62541.020000
140451.400000
202279.200000
216452.000000
167256.300000
112262.800000
135635.200000
215520.000000
279375.700000
280830.800000
204379.200000
121046.500000
64397.870000
35478.980000
21889.520000
15372.230000
9797.651000
5360.065000
3124.252000
2231.709000
1840.111000
1704.189000
1629.077000
1626.375000
1568.407000
1459.054000
1401.885000
1287.207000
1183.136000
1164.283000
1268.341000
1341.007000
1436.989000
1442.557000
1590.352000
1808.664000
2125.396000
2687.728000
3658.422000
3462.768000
23700.300000
92182.950000
163207.900000
208844.100000
198064.200000
132919.300000
74751.300000
38628.770000
20232.230000
12977.230000
9130.171000
5418.112000
2982.066000
1935.080000
1481.438000
1323.541000
1205.292000
1148.839000
1130.878000
1070.145000
991.972800
1002.975000
1016.267000
1035.610000
1030.201000
1039.325000
1118.900000
1118.112000
1172.083000
1278.813000
1288.397000
1477.801000
1749.177000
1887.629000
1995.676000
1867.811000
1706.955000
1684.490000
1720.452000
1680.276000
1515.720000
1365.842000
1228.482000
1098.732000
1032.256000
949.002000
919.103800
934.892800
985.005300
1022.481000
1144.276000
1229.271000
2049.306000
7272.676000
17778.510000
27402.400000
30913.570000
24633.850000
14961.690000
8091.059000
4354.416000
2969.191000
2413.924000
1902.133000
1400.263000
1148.627000
1046.019000
1002.328000
1016.812000
1069.893000
1091.172000
1084.541000
1057.715000
1010.797000
1038.081000
1036.326000
1013.219000
969.174100
935.111800
938.496800
904.950300
867.202900
844.218100
885.070400
851.885400
854.200600
883.685700
1068.561000
1323.658000
1523.803000
1553.750000
1367.594000
1257.193000
1181.800000
1153.947000
1113.083000
1076.917000
1095.588000
1062.376000
1073.902000
1131.966000
1194.321000
1240.539000
1220.004000
1203.702000
1136.960000
1057.357000
1073.831000
1078.817000
1066.918000
1085.903000
1068.922000
1047.397000
1077.096000
1096.607000
1112.462000
1132.245000
1138.017000
1180.587000
1290.601000
1388.301000
1445.640000
1418.500000
1345.123000
1272.771000
1249.929000
1251.387000
1195.013000
1152.098000
1143.086000
1152.822000
1120.485000
1160.758000
1115.527000
1140.482000
1133.382000
1143.586000
1159.557000
1172.001000
1204.184000
1248.291000
1237.073000
1239.563000
1269.696000
1318.669000
1279.507000
1309.900000
1312.992000
1268.568000
1315.352000
1360.288000
1368.185000
1385.167000
1428.943000
1410.166000
1367.465000
1365.948000
1363.739000
1395.007000
1437.805000
1454.595000
1396.203000
1456.334000
1414.417000
1413.727000
1394.990000
1393.820000
1385.975000
1403.145000
1409.304000
1394.936000
1397.141000
1454.895000
1486.931000
1462.539000
1449.750000
1433.353000
1435.391000
1391.241000
1374.091000
1392.078000
1422.438000
1449.064000
1443.051000
1474.977000
1474.970000
1401.491000
1409.586000
1448.575000
1501.098000
1552.302000
1540.085000
1559.313000
1576.028000
1585.172000
1623.470000
1667.678000
1717.686000
1786.256000
1916.482000
2047.486000
2109.036000
2062.715000
2003.808000
1966.662000
1925.244000
1984.819000
2171.387000
2440.671000
2786.712000
3208.503000
3741.851000
4623.592000
6185.189000
8990.382000
13574.580000
72888.550000
221965.000000
321336.400000
334892.000000
328539.800000
257453.700000
136099.800000
63679.320000
39458.110000
29800.660000
20746.440000
12197.950000
6534.448000
4081.744000
2927.963000
2406.180000
2163.362000
2001.619000
1897.487000
1892.009000
1892.019000
1850.964000
1890.169000
1900.195000
1892.841000
1957.786000
2454.028000
3663.815000
5015.896000
5720.308000
5279.393000
4309.777000
3802.345000
4144.681000
5262.596000
6496.813000
18963.270000
77166.050000
156032.900000
211250.800000
217090.300000
157156.500000
91578.840000
46793.630000
22893.010000
14324.400000
10971.050000
7209.864000
4128.215000
2784.389000
2140.022000
1841.540000
1686.822000
1639.302000
1626.127000
1602.540000
1566.245000
1533.328000
1523.940000
1492.659000
1567.171000
2162.641000
3175.578000
3971.400000
4147.950000
3524.477000
2730.142000
2248.118000
2040.201000
1997.257000
1925.829000
1851.990000
1830.985000
1820.909000
1820.788000
1723.103000
1588.244000
1607.996000
1562.813000
1645.697000
1750.653000
1860.831000
2063.687000
3792.370000
9192.729000
15167.770000
18724.490000
17271.350000
11393.170000
6566.169000
3746.549000
2779.219000
2518.250000
2273.707000
1994.011000
1840.999000
1704.837000
1621.866000
1585.210000
1537.387000
1591.047000
1695.234000
1888.515000
1922.286000
1980.515000
1921.488000
1816.145000
1814.473000
1874.996000
1975.401000
1937.326000
1902.322000
1819.262000
1731.873000
1679.403000
1654.364000
1664.342000
1732.767000
1798.245000
1762.350000
1770.278000
1840.910000
1899.643000
2018.695000
2138.305000
2178.407000
2117.325000
2004.294000
1935.045000
1986.904000
2022.403000
1930.509000
1912.167000
1919.645000
1925.159000
1929.964000
1943.244000
1953.345000
1924.607000
1962.652000
1952.225000
1951.806000
1993.758000
2144.711000
2250.112000
2267.655000
2249.190000
2289.692000
2338.469000
2339.745000
2393.045000
2423.881000
2470.305000
2504.030000
2595.579000
2581.000000
2520.724000
2485.785000
2588.406000
2597.542000
2678.011000
2716.827000
2651.153000
2719.946000
2696.174000
2683.470000
2670.229000
2741.467000
2809.449000
2794.222000
2847.058000
2861.277000
2934.914000
2962.089000
3056.035000
3242.375000
3426.706000
3530.311000
3487.942000
3501.720000
3576.063000
3745.524000
3926.593000
4382.105000
4931.786000
5459.821000
6258.418000
7182.314000
8506.896000
10887.800000
15515.860000
20916.710000
75977.410000
217048.800000
372748.500000
468695.200000
408264.000000
247606.800000
121388.000000
57408.710000
34302.520000
25789.060000
17472.040000
10916.300000
7658.397000
6221.458000
5388.518000
4969.015000
4632.072000
4394.648000
4214.420000
4106.328000
4004.796000
4020.799000
4035.179000
4012.927000
3979.978000
3859.916000
3774.915000
3761.629000
3826.443000
3864.381000
3823.467000
3952.884000
4091.694000
3985.553000
3962.027000
3924.514000
3848.276000
3915.526000
4103.901000
4150.835000
4447.933000
4693.170000
5001.342000
5668.928000
6662.870000
9014.031000
21512.610000
44650.730000
63001.940000
68160.750000
51901.050000
29401.790000
14634.430000
8464.042000
7051.503000
6014.692000
5001.105000
4568.233000
4320.260000
4219.197000
4419.106000
4595.597000
4764.002000
4699.094000
4808.587000
5211.464000
5226.870000
5404.311000
5337.378000
5378.732000
5406.888000
5303.191000
5332.367000
5216.280000
4961.530000
4815.190000
4594.963000
4313.627000
4260.849000
4431.483000
4283.721000
4254.603000
4306.071000
4132.552000
4185.975000
4147.230000
4070.560000
4194.488000
4208.896000
4240.075000
4273.041000
4306.744000
4258.581000
4246.619000
4246.584000
4243.468000
4171.101000
4137.819000
4316.092000
4344.748000
4400.462000
4442.821000
4432.081000
4559.798000
4693.019000
4434.952000
4521.451000
4689.349000
4842.025000
5046.045000
5231.648000
5556.932000
5603.605000
5687.666000
5684.973000
5589.546000
5437.986000
5355.741000
5502.606000
5588.584000
5586.025000
5444.909000
5359.665000
5477.195000
5400.634000
5208.246000
